% Column 0: Length, mm
% Column 1: B.n, Tesla
0.00000000e+000	6.00059958e-006	
6.33969123e-002	6.12354237e-005	
1.26793825e-001	1.16470266e-004	
1.90190737e-001	1.71705108e-004	
2.53587649e-001	2.26939950e-004	
3.16984562e-001	2.82444985e-004	
3.80381474e-001	3.38002982e-004	
4.43778386e-001	3.93560978e-004	
5.07175299e-001	4.49118974e-004	
5.70572211e-001	5.05650984e-004	
6.33969123e-001	5.56475791e-004	
6.97366036e-001	6.07300597e-004	
7.60762948e-001	6.58125403e-004	
8.24159860e-001	7.16579606e-004	
8.87556773e-001	7.82413594e-004	
9.50953685e-001	8.50048512e-004	
1.01435060e+000	9.20106240e-004	
1.07774751e+000	9.87532660e-004	
1.14114442e+000	1.03752578e-003	
1.20454133e+000	1.08751889e-003	
1.26793825e+000	1.13751201e-003	
1.33133516e+000	1.19085951e-003	
1.39473207e+000	1.25943079e-003	
1.45812898e+000	1.32838992e-003	
1.52152590e+000	1.40089441e-003	
1.58492281e+000	1.47757960e-003	
1.64831972e+000	1.53028121e-003	
1.71171663e+000	1.58298282e-003	
1.77511355e+000	1.63568443e-003	
1.83851046e+000	1.68838604e-003	
1.90190737e+000	1.75853067e-003	
1.96530428e+000	1.83168637e-003	
2.02870119e+000	1.91127172e-003	
2.09209811e+000	1.99276897e-003	
2.15549502e+000	2.06433218e-003	
2.21889193e+000	2.12393341e-003	
2.28228884e+000	2.18353465e-003	
2.34568576e+000	2.24313589e-003	
2.40908267e+000	2.31493999e-003	
2.47247958e+000	2.39778478e-003	
2.53587649e+000	2.47701532e-003	
2.59927341e+000	2.55170266e-003	
2.66267032e+000	2.63316171e-003	
2.72606723e+000	2.71109317e-003	
2.78946414e+000	2.79011672e-003	
2.85286105e+000	2.87196005e-003	
2.91625797e+000	2.95208441e-003	
2.97965488e+000	3.02521174e-003	
3.04305179e+000	3.10140095e-003	
3.10644870e+000	3.20108894e-003	
3.16984562e+000	3.30690312e-003	
3.23324253e+000	3.39104579e-003	
3.29663944e+000	3.47518847e-003	
3.36003635e+000	3.55933114e-003	
3.42343327e+000	3.64347381e-003	
3.48683018e+000	3.76225443e-003	
3.55022709e+000	3.88623639e-003	
3.61362400e+000	3.98858616e-003	
3.67702091e+000	4.08509876e-003	
3.74041783e+000	4.20957143e-003	
3.80381474e+000	4.33363588e-003	
3.86721165e+000	4.45889172e-003	
3.93060856e+000	4.58486673e-003	
3.99400548e+000	4.71637155e-003	
4.05740239e+000	4.85255558e-003	
4.12079930e+000	4.98219302e-003	
4.18419621e+000	5.10413717e-003	
4.24759313e+000	5.25460940e-003	
4.31099004e+000	5.42164548e-003	
4.37438695e+000	5.59115050e-003	
4.43778386e+000	5.76653289e-003	
4.50118078e+000	5.94334902e-003	
4.56457769e+000	6.12543529e-003	
4.62797460e+000	6.31173010e-003	
4.69137151e+000	6.52571418e-003	
4.75476842e+000	6.75609888e-003	
4.81816534e+000	6.98595689e-003	
4.88156225e+000	7.21581491e-003	
4.94495916e+000	7.51035664e-003	
5.00835607e+000	7.80703331e-003	
5.07175299e+000	8.06568977e-003	
5.13514990e+000	8.31946132e-003	
5.19854681e+000	8.57323286e-003	
5.26194372e+000	8.82700441e-003	
5.32534064e+000	9.25521003e-003	
5.38873755e+000	9.70976570e-003	
5.45213446e+000	1.01489069e-002	
5.51553137e+000	1.05793919e-002	
5.57892828e+000	1.10121827e-002	
5.64232520e+000	1.14468027e-002	
5.70572211e+000	1.17749155e-002	
5.76911902e+000	1.19859706e-002	
5.83251593e+000	1.19818790e-002	
5.89591285e+000	1.13632842e-002	
5.95930976e+000	1.07446894e-002	
6.02270667e+000	1.01260946e-002	
6.08610358e+000	9.48571551e-003	
6.14950050e+000	8.77259747e-003	
6.21289741e+000	8.11117995e-003	
6.27629432e+000	7.74593547e-003	
6.33969123e+000	7.54617652e-003	
6.40308814e+000	7.33024392e-003	
6.46648506e+000	7.11431133e-003	
6.52988197e+000	6.91703897e-003	
6.59327888e+000	6.72005553e-003	
6.65667579e+000	6.63499647e-003	
6.72007271e+000	6.56199096e-003	
6.78346962e+000	6.53246838e-003	
6.84686653e+000	6.51243710e-003	
6.91026344e+000	6.65200372e-003	
6.97366036e+000	6.66580327e-003	
7.03705727e+000	6.69588416e-003	
7.10045418e+000	6.73446750e-003	
7.16385109e+000	6.79802845e-003	
7.22724801e+000	6.88005108e-003	
7.29064492e+000	6.97331332e-003	
7.35404183e+000	7.07813220e-003	
7.41743874e+000	7.30919169e-003	
7.48083565e+000	7.42981737e-003	
7.54423257e+000	7.57079587e-003	
7.60762948e+000	7.75325299e-003	
7.67102639e+000	7.93046760e-003	
7.73442330e+000	8.09172066e-003	
7.79782022e+000	8.25297373e-003	
7.86121713e+000	8.41422680e-003	
7.92461404e+000	8.69123538e-003	
7.98801095e+000	8.97453356e-003	
8.05140787e+000	9.25784397e-003	
8.11480478e+000	9.55011729e-003	
8.17820169e+000	9.84239061e-003	
8.24159860e+000	1.01305556e-002	
8.30499551e+000	1.04183604e-002	
8.36839243e+000	1.07833223e-002	
8.43178934e+000	1.11632547e-002	
8.49518625e+000	1.17041072e-002	
8.55858316e+000	1.21811552e-002	
8.62198008e+000	1.26006695e-002	
8.68537699e+000	1.29923039e-002	
8.74877390e+000	1.35606880e-002	
8.81217081e+000	1.42510552e-002	
8.87556773e+000	1.49125603e-002	
8.93896464e+000	1.55463023e-002	
9.00236155e+000	1.63593360e-002	
9.06575846e+000	1.72793338e-002	
9.12915538e+000	1.83083953e-002	
9.19255229e+000	1.95437596e-002	
9.25594920e+000	2.07955402e-002	
9.31934611e+000	2.20931106e-002	
9.38274302e+000	2.35045367e-002	
9.44613994e+000	2.54278817e-002	
9.50953685e+000	2.74266413e-002	
9.57293376e+000	3.02050827e-002	
9.63633067e+000	3.29946438e-002	
9.69972759e+000	3.63892086e-002	
9.76312450e+000	3.97837734e-002	
9.82652141e+000	4.51436192e-002	
9.88991832e+000	5.06376132e-002	
9.95331524e+000	5.50535031e-002	
1.00167121e+001	5.92853432e-002	
1.00801091e+001	6.47057902e-002	
1.01435060e+001	7.03572764e-002	
1.02069029e+001	7.62934035e-002	
1.02702998e+001	8.23572684e-002	
1.03336967e+001	8.86640015e-002	
1.03970936e+001	9.51271399e-002	
1.04604905e+001	1.01590278e-001	
1.05238874e+001	1.08053417e-001	
1.05872844e+001	1.18161115e-001	
1.06506813e+001	1.31462762e-001	
1.07140782e+001	1.44974860e-001	
1.07774751e+001	1.58856627e-001	
1.08408720e+001	1.69904197e-001	
1.09042689e+001	1.73683660e-001	
1.09676658e+001	1.77463124e-001	
1.10310627e+001	1.81242588e-001	
1.10944597e+001	1.84932259e-001	
1.11578566e+001	1.86463091e-001	
1.12212535e+001	1.87934094e-001	
1.12846504e+001	1.87743097e-001	
1.13480473e+001	1.87552100e-001	
1.14114442e+001	1.87636534e-001	
1.14748411e+001	1.87734628e-001	
1.15382380e+001	1.87792550e-001	
1.16016350e+001	1.87844518e-001	
1.16650319e+001	1.87862771e-001	
1.17284288e+001	1.87864093e-001	
1.17918257e+001	1.87884427e-001	
1.18552226e+001	1.87912647e-001	
1.19186195e+001	1.87938755e-001	
1.19820164e+001	1.87963594e-001	
1.20454133e+001	1.87990424e-001	
1.21088103e+001	1.88018929e-001	
1.21722072e+001	1.88027276e-001	
1.22356041e+001	1.88005243e-001	
1.22990010e+001	1.88040112e-001	
1.23623979e+001	1.88168154e-001	
1.24257948e+001	1.88256446e-001	
1.24891917e+001	1.88250752e-001	
1.25525886e+001	1.88249398e-001	
1.26159856e+001	1.88263860e-001	
1.26793825e+001	1.88279352e-001	
1.27427794e+001	1.88293895e-001	
1.28061763e+001	1.88309459e-001	
1.28695732e+001	1.88343869e-001	
1.29329701e+001	1.88378279e-001	
1.29963670e+001	1.88390467e-001	
1.30597639e+001	1.88401956e-001	
1.31231609e+001	1.88413444e-001	
1.31865578e+001	1.88424933e-001	
1.32499547e+001	1.88460918e-001	
1.33133516e+001	1.88501901e-001	
1.33767485e+001	1.88575242e-001	
1.34401454e+001	1.88660943e-001	
1.35035423e+001	1.88692147e-001	
1.35669392e+001	1.88692917e-001	
1.36303362e+001	1.88693686e-001	
1.36937331e+001	1.88694456e-001	
1.37571300e+001	1.88706793e-001	
1.38205269e+001	1.88729789e-001	
1.38839238e+001	1.88762140e-001	
1.39473207e+001	1.88808772e-001	
1.40107176e+001	1.88855172e-001	
1.40741145e+001	1.88901068e-001	
1.41375114e+001	1.88935525e-001	
1.42009084e+001	1.88932090e-001	
1.42643053e+001	1.88932611e-001	
1.43277022e+001	1.88940306e-001	
1.43910991e+001	1.88950815e-001	
1.44544960e+001	1.88999870e-001	
1.45178929e+001	1.89048924e-001	
1.45812898e+001	1.89100477e-001	
1.46446867e+001	1.89152065e-001	
1.47080837e+001	1.89156929e-001	
1.47714806e+001	1.89156839e-001	
1.48348775e+001	1.89170055e-001	
1.48982744e+001	1.89182951e-001	
1.49616713e+001	1.89224435e-001	
1.50250682e+001	1.89275952e-001	
1.50884651e+001	1.89324635e-001	
1.51518620e+001	1.89371847e-001	
1.52152590e+001	1.89393237e-001	
1.52786559e+001	1.89395646e-001	
1.53420528e+001	1.89385300e-001	
1.54054497e+001	1.89356964e-001	
1.54688466e+001	1.89376527e-001	
1.55322435e+001	1.89464317e-001	
1.55956404e+001	1.89535749e-001	
1.56590373e+001	1.89574048e-001	
1.57224343e+001	1.89606629e-001	
1.57858312e+001	1.89621923e-001	
1.58492281e+001	1.89638786e-001	
1.59126250e+001	1.89653191e-001	
1.59760219e+001	1.89670119e-001	
1.60394188e+001	1.89714307e-001	
1.61028157e+001	1.89758570e-001	
1.61662126e+001	1.89828977e-001	
1.62296096e+001	1.89899385e-001	
1.62930065e+001	1.89906582e-001	
1.63564034e+001	1.89908345e-001	
1.64198003e+001	1.89875152e-001	
1.64831972e+001	1.89831548e-001	
1.65465941e+001	1.89885403e-001	
1.66099910e+001	1.89970553e-001	
1.66733879e+001	1.90037886e-001	
1.67367849e+001	1.90096640e-001	
1.68001818e+001	1.90130654e-001	
1.68635787e+001	1.90147691e-001	
1.69269756e+001	1.90138190e-001	
1.69903725e+001	1.90097479e-001	
1.70537694e+001	1.90111156e-001	
1.71171663e+001	1.90197177e-001	
1.71805632e+001	1.90272047e-001	
1.72439602e+001	1.90325950e-001	
1.73073571e+001	1.90372894e-001	
1.73707540e+001	1.90400559e-001	
1.74341509e+001	1.90424580e-001	
1.74975478e+001	1.90417963e-001	
1.75609447e+001	1.90415287e-001	
1.76243416e+001	1.90447549e-001	
1.76877385e+001	1.90479774e-001	
1.77511355e+001	1.90509997e-001	
1.78145324e+001	1.90540219e-001	
1.78779293e+001	1.90602089e-001	
1.79413262e+001	1.90666068e-001	
1.80047231e+001	1.90663783e-001	
1.80681200e+001	1.90648312e-001	
1.81315169e+001	1.90677066e-001	
1.81949138e+001	1.90718763e-001	
1.82583108e+001	1.90766527e-001	
1.83217077e+001	1.90816994e-001	
1.83851046e+001	1.90842562e-001	
1.84485015e+001	1.90852191e-001	
1.85118984e+001	1.90875136e-001	
1.85752953e+001	1.90902169e-001	
1.86386922e+001	1.90929203e-001	
1.87020891e+001	1.90956237e-001	
1.87654860e+001	1.90987034e-001	
1.88288830e+001	1.91024408e-001	
1.88922799e+001	1.91061782e-001	
1.89556768e+001	1.91099157e-001	
1.90190737e+001	1.91135107e-001	
1.90824706e+001	1.91157313e-001	
1.91458675e+001	1.91179520e-001	
1.92092644e+001	1.91201727e-001	
1.92726613e+001	1.91224732e-001	
1.93360583e+001	1.91268973e-001	
1.93994552e+001	1.91313214e-001	
1.94628521e+001	1.91287082e-001	
1.95262490e+001	1.91257569e-001	
1.95896459e+001	1.91303071e-001	
1.96530428e+001	1.91352602e-001	
1.97164397e+001	1.91434244e-001	
1.97798366e+001	1.91524408e-001	
1.98432336e+001	1.91549991e-001	
1.99066305e+001	1.91548980e-001	
1.99700274e+001	1.91522685e-001	
2.00334243e+001	1.91481309e-001	
2.00968212e+001	1.91492968e-001	
2.01602181e+001	1.91537157e-001	
2.02236150e+001	1.91609920e-001	
2.02870119e+001	1.91715891e-001	
2.03504089e+001	1.91768797e-001	
2.04138058e+001	1.91735326e-001	
2.04772027e+001	1.91720036e-001	
2.05405996e+001	1.91747449e-001	
2.06039965e+001	1.91775305e-001	
2.06673934e+001	1.91786292e-001	
2.07307903e+001	1.91800112e-001	
2.07941872e+001	1.91832124e-001	
2.08575842e+001	1.91865114e-001	
2.09209811e+001	1.91915678e-001	
2.09843780e+001	1.91966241e-001	
2.10477749e+001	1.91871462e-001	
2.11111718e+001	1.91772318e-001	
2.11745687e+001	1.91654880e-001	
2.12379656e+001	1.91500432e-001	
2.13013625e+001	1.91345984e-001	
2.13647595e+001	1.91191536e-001	
2.14281564e+001	1.90370564e-001	
2.14915533e+001	1.89296796e-001	
2.15549502e+001	1.86227972e-001	
2.16183471e+001	1.82051798e-001	
2.16817440e+001	1.74271258e-001	
2.17451409e+001	1.62808202e-001	
2.18085378e+001	1.50071993e-001	
2.18719348e+001	1.35951814e-001	
2.19353317e+001	1.24432723e-001	
2.19987286e+001	1.16860706e-001	
2.20621255e+001	1.09288689e-001	
2.21255224e+001	1.01716672e-001	
2.21889193e+001	9.44561217e-002	
2.22523162e+001	8.62073933e-002	
2.23157131e+001	7.85589441e-002	
2.23791101e+001	7.42753429e-002	
2.24425070e+001	7.00786459e-002	
2.25059039e+001	6.70464801e-002	
2.25693008e+001	6.40143143e-002	
2.26326977e+001	6.14632075e-002	
2.26960946e+001	5.89181963e-002	
2.27594915e+001	5.70931594e-002	
2.28228884e+001	5.51478287e-002	
2.28862853e+001	5.32957148e-002	
2.29496823e+001	5.14635691e-002	
2.30130792e+001	4.99571535e-002	
2.30764761e+001	4.85641933e-002	
2.31398730e+001	4.75539088e-002	
2.32032699e+001	4.67410077e-002	
2.32666668e+001	4.59879100e-002	
2.33300637e+001	4.51693197e-002	
2.33934606e+001	4.45137287e-002	
2.34568576e+001	4.40238762e-002	
2.35202545e+001	4.36201713e-002	
2.35836514e+001	4.33384606e-002	
2.36470483e+001	4.31219130e-002	
2.37104452e+001	4.30365082e-002	
2.37738421e+001	4.30108969e-002	
2.38372390e+001	4.31457922e-002	
2.39006359e+001	4.32970441e-002	
2.39640329e+001	4.35292671e-002	
2.40274298e+001	4.37816338e-002	
2.40908267e+001	4.42477687e-002	
2.41542236e+001	4.47154722e-002	
2.42176205e+001	4.55583616e-002	
2.42810174e+001	4.64012509e-002	
2.43444143e+001	4.73117418e-002	
2.44078112e+001	4.82883008e-002	
2.44712082e+001	4.93212742e-002	
2.45346051e+001	5.03649658e-002	
2.45980020e+001	5.19428996e-002	
2.46613989e+001	5.36910864e-002	
2.47247958e+001	5.56554570e-002	
2.47881927e+001	5.77232589e-002	
2.48515896e+001	6.00313689e-002	
2.49149865e+001	6.27816664e-002	
2.49783835e+001	6.57674980e-002	
2.50417804e+001	6.89773598e-002	
2.51051773e+001	7.27796868e-002	
2.51685742e+001	7.73655952e-002	
2.52319711e+001	8.25158522e-002	
2.52953680e+001	8.87206251e-002	
2.53587649e+001	9.46717283e-002	
2.54221618e+001	1.01527333e-001	
2.54855588e+001	1.08849207e-001	
2.55489557e+001	1.18229017e-001	
2.56123526e+001	1.28010799e-001	
2.56757495e+001	1.41301694e-001	
2.57391464e+001	1.54558452e-001	
2.58025433e+001	1.66214627e-001	
2.58659402e+001	1.77870802e-001	
2.59293371e+001	1.82356557e-001	
2.59927341e+001	1.86895600e-001	
2.60561310e+001	1.88726705e-001	
2.61195279e+001	1.90105737e-001	
2.61829248e+001	1.90728189e-001	
2.62463217e+001	1.91130966e-001	
2.63097186e+001	1.91275536e-001	
2.63731155e+001	1.91305735e-001	
2.64365124e+001	1.91309746e-001	
2.64999094e+001	1.91332089e-001	
2.65633063e+001	1.91390246e-001	
2.66267032e+001	1.91480266e-001	
2.66901001e+001	1.91571063e-001	
2.67534970e+001	1.91662814e-001	
2.68168939e+001	1.91724693e-001	
2.68802908e+001	1.91734666e-001	
2.69436877e+001	1.91747043e-001	
2.70070847e+001	1.91765627e-001	
2.70704816e+001	1.91800951e-001	
2.71338785e+001	1.91902658e-001	
2.71972754e+001	1.91998714e-001	
2.72606723e+001	1.92053095e-001	
2.73240692e+001	1.92106692e-001	
2.73874661e+001	1.92140211e-001	
2.74508630e+001	1.92173730e-001	
2.75142599e+001	1.92213467e-001	
2.75776569e+001	1.92252282e-001	
2.76410538e+001	1.92260471e-001	
2.77044507e+001	1.92264228e-001	
2.77678476e+001	1.92364702e-001	
2.78312445e+001	1.92490627e-001	
2.78946414e+001	1.92580406e-001	
2.79580383e+001	1.92655403e-001	
2.80214352e+001	1.92675760e-001	
2.80848322e+001	1.92665374e-001	
2.81482291e+001	1.92694514e-001	
2.82116260e+001	1.92756541e-001	
2.82750229e+001	1.92816015e-001	
2.83384198e+001	1.92872538e-001	
2.84018167e+001	1.92939714e-001	
2.84652136e+001	1.93024128e-001	
2.85286105e+001	1.93077925e-001	
2.85920075e+001	1.93061406e-001	
2.86554044e+001	1.93060211e-001	
2.87188013e+001	1.93113967e-001	
2.87821982e+001	1.93167241e-001	
2.88455951e+001	1.93217450e-001	
2.89089920e+001	1.93269338e-001	
2.89723889e+001	1.93350534e-001	
2.90357858e+001	1.93431730e-001	
2.90991828e+001	1.93357329e-001	
2.91625797e+001	1.93277443e-001	
2.92259766e+001	1.93382179e-001	
2.92893735e+001	1.93509669e-001	
2.93527704e+001	1.93581833e-001	
2.94161673e+001	1.93640881e-001	
2.94795642e+001	1.93722073e-001	
2.95429611e+001	1.93811607e-001	
2.96063581e+001	1.93764486e-001	
2.96697550e+001	1.93641070e-001	
2.97331519e+001	1.93694782e-001	
2.97965488e+001	1.93886259e-001	
2.98599457e+001	1.93982368e-001	
2.99233426e+001	1.93975392e-001	
2.99867395e+001	1.93988436e-001	
3.00501364e+001	1.94031681e-001	
3.01135334e+001	1.94062319e-001	
3.01769303e+001	1.94059403e-001	
3.02403272e+001	1.94074726e-001	
3.03037241e+001	1.94149520e-001	
3.03671210e+001	1.94217740e-001	
3.04305179e+001	1.94249503e-001	
3.04939148e+001	1.94282056e-001	
3.05573117e+001	1.94324951e-001	
3.06207087e+001	1.94367846e-001	
3.06841056e+001	1.94372884e-001	
3.07475025e+001	1.94375601e-001	
3.08108994e+001	1.94442190e-001	
3.08742963e+001	1.94515334e-001	
3.09376932e+001	1.94536153e-001	
3.10010901e+001	1.94545873e-001	
3.10644870e+001	1.94555593e-001	
3.11278840e+001	1.94565314e-001	
3.11912809e+001	1.94597111e-001	
3.12546778e+001	1.94639183e-001	
3.13180747e+001	1.94706530e-001	
3.13814716e+001	1.94792241e-001	
3.14448685e+001	1.94839345e-001	
3.15082654e+001	1.94847409e-001	
3.15716623e+001	1.94855474e-001	
3.16350593e+001	1.94863539e-001	
3.16984562e+001	1.94880961e-001	
3.17618531e+001	1.94911648e-001	
3.18252500e+001	1.94942335e-001	
3.18886469e+001	1.94973021e-001	
3.19520438e+001	1.95007943e-001	
3.20154407e+001	1.95063596e-001	
3.20788376e+001	1.95114766e-001	
3.21422345e+001	1.95119184e-001	
3.22056315e+001	1.95126537e-001	
3.22690284e+001	1.95154563e-001	
3.23324253e+001	1.95182588e-001	
3.23958222e+001	1.95210613e-001	
3.24592191e+001	1.95238638e-001	
3.25226160e+001	1.95271400e-001	
3.25860129e+001	1.95305048e-001	
3.26494098e+001	1.95269901e-001	
3.27128068e+001	1.95212996e-001	
3.27762037e+001	1.95250633e-001	
3.28396006e+001	1.95333046e-001	
3.29029975e+001	1.95411701e-001	
3.29663944e+001	1.95487807e-001	
3.30297913e+001	1.95522406e-001	
3.30931882e+001	1.95517737e-001	
3.31565851e+001	1.95525605e-001	
3.32199821e+001	1.95549959e-001	
3.32833790e+001	1.95580667e-001	
3.33467759e+001	1.95615438e-001	
3.34101728e+001	1.95646293e-001	
3.34735697e+001	1.95666451e-001	
3.35369666e+001	1.95682913e-001	
3.36003635e+001	1.95683209e-001	
3.36637604e+001	1.95685596e-001	
3.37271574e+001	1.95705957e-001	
3.37905543e+001	1.95730735e-001	
3.38539512e+001	1.95760809e-001	
3.39173481e+001	1.95790883e-001	
3.39807450e+001	1.95820957e-001	
3.40441419e+001	1.95851031e-001	
3.41075388e+001	1.95876556e-001	
3.41709357e+001	1.95901327e-001	
3.42343327e+001	1.95906932e-001	
3.42977296e+001	1.95907016e-001	
3.43611265e+001	1.95928763e-001	
3.44245234e+001	1.95955188e-001	
3.44879203e+001	1.95981613e-001	
3.45513172e+001	1.96008038e-001	
3.46147141e+001	1.96028354e-001	
3.46781110e+001	1.96043261e-001	
3.47415080e+001	1.96052821e-001	
3.48049049e+001	1.96055809e-001	
3.48683018e+001	1.96069027e-001	
3.49316987e+001	1.96091796e-001	
3.49950956e+001	1.96114564e-001	
3.50584925e+001	1.96137332e-001	
3.51218894e+001	1.96161619e-001	
3.51852863e+001	1.96191857e-001	
3.52486833e+001	1.96210024e-001	
3.53120802e+001	1.96140362e-001	
3.53754771e+001	1.96079121e-001	
3.54388740e+001	1.96129348e-001	
3.55022709e+001	1.96179574e-001	
3.55656678e+001	1.96241410e-001	
3.56290647e+001	1.96303770e-001	
3.56924616e+001	1.96308161e-001	
3.57558586e+001	1.96304268e-001	
3.58192555e+001	1.96287889e-001	
3.58826524e+001	1.96268253e-001	
3.59460493e+001	1.96267527e-001	
3.60094462e+001	1.96270601e-001	
3.60728431e+001	1.96303343e-001	
3.61362400e+001	1.96353572e-001	
3.61996369e+001	1.96347192e-001	
3.62630339e+001	1.96293970e-001	
3.63264308e+001	1.96276920e-001	
3.63898277e+001	1.96301443e-001	
3.64532246e+001	1.96322798e-001	
3.65166215e+001	1.96333377e-001	
3.65800184e+001	1.96370605e-001	
3.66434153e+001	1.96469601e-001	
3.67068122e+001	1.96539083e-001	
3.67702091e+001	1.96503602e-001	
3.68336061e+001	1.96468120e-001	
3.68970030e+001	1.96432639e-001	
3.69603999e+001	1.96426074e-001	
3.70237968e+001	1.96454410e-001	
3.70871937e+001	1.96482746e-001	
3.71505906e+001	1.95739694e-001	
3.72139875e+001	1.94975739e-001	
3.72773844e+001	1.94023494e-001	
3.73407814e+001	1.93048391e-001	
3.74041783e+001	1.89389074e-001	
3.74675752e+001	1.85099023e-001	
3.75309721e+001	1.76199750e-001	
3.75943690e+001	1.64927686e-001	
3.76577659e+001	1.51996124e-001	
3.77211628e+001	1.38154461e-001	
3.77845597e+001	1.26521643e-001	
3.78479567e+001	1.16597014e-001	
3.79113536e+001	1.07596336e-001	
3.79747505e+001	9.95888588e-002	
3.80381474e+001	9.28909876e-002	
3.81015443e+001	8.69708804e-002	
3.81649412e+001	8.13938214e-002	
3.82283381e+001	7.65523162e-002	
3.82917350e+001	7.20477610e-002	
3.83551320e+001	6.86333396e-002	
3.84185289e+001	6.53256514e-002	
3.84819258e+001	6.26035600e-002	
3.85453227e+001	6.01067931e-002	
3.86087196e+001	5.79982009e-002	
3.86721165e+001	5.58896087e-002	
3.87355134e+001	5.40787863e-002	
3.87989103e+001	5.22708919e-002	
3.88623073e+001	5.11190144e-002	
3.89257042e+001	5.00333406e-002	
3.89891011e+001	4.89238073e-002	
3.90524980e+001	4.78092635e-002	
3.91158949e+001	4.69987320e-002	
3.91792918e+001	4.62057630e-002	
3.92426887e+001	4.56352520e-002	
3.93060856e+001	4.51780687e-002	
3.93694826e+001	4.48166346e-002	
3.94328795e+001	4.45243790e-002	
3.94962764e+001	4.43649218e-002	
3.95596733e+001	4.43390062e-002	
3.96230702e+001	4.43412415e-002	
3.96864671e+001	4.43791281e-002	
3.97498640e+001	4.45062957e-002	
3.98132609e+001	4.48109109e-002	
3.98766579e+001	4.51727600e-002	
3.99400548e+001	4.57037948e-002	
4.00034517e+001	4.62697182e-002	
4.00668486e+001	4.70049789e-002	
4.01302455e+001	4.77096166e-002	
4.01936424e+001	4.88137964e-002	
4.02570393e+001	4.99188291e-002	
4.03204362e+001	5.11454272e-002	
4.03838332e+001	5.23720252e-002	
4.04472301e+001	5.39806662e-002	
4.05106270e+001	5.56202815e-002	
4.05740239e+001	5.78215411e-002	
4.06374208e+001	6.01273588e-002	
4.07008177e+001	6.23953123e-002	
4.07642146e+001	6.48814046e-002	
4.08276115e+001	6.80719205e-002	
4.08910085e+001	7.15951934e-002	
4.09544054e+001	7.58060256e-002	
4.10178023e+001	8.04805583e-002	
4.10811992e+001	8.57243567e-002	
4.11445961e+001	9.15036594e-002	
4.12079930e+001	9.79811293e-002	
4.12713899e+001	1.06487161e-001	
4.13347868e+001	1.15151213e-001	
4.13981837e+001	1.24106942e-001	
4.14615807e+001	1.34335728e-001	
4.15249776e+001	1.48016280e-001	
4.15883745e+001	1.61343428e-001	
4.16517714e+001	1.73139347e-001	
4.17151683e+001	1.83652118e-001	
4.17785652e+001	1.88273689e-001	
4.18419621e+001	1.92819795e-001	
4.19053590e+001	1.94243902e-001	
4.19687560e+001	1.95668009e-001	
4.20321529e+001	1.96245493e-001	
4.20955498e+001	1.96770512e-001	
4.21589467e+001	1.96612352e-001	
4.22223436e+001	1.96342725e-001	
4.22857405e+001	1.96387339e-001	
4.23491374e+001	1.96552907e-001	
4.24125343e+001	1.96628314e-001	
4.24759313e+001	1.96664304e-001	
4.25393282e+001	1.96680322e-001	
4.26027251e+001	1.96683777e-001	
4.26661220e+001	1.96687031e-001	
4.27295189e+001	1.96690111e-001	
4.27929158e+001	1.96704407e-001	
4.28563127e+001	1.96734944e-001	
4.29197096e+001	1.96772308e-001	
4.29831066e+001	1.96821392e-001	
4.30465035e+001	1.96847894e-001	
4.31099004e+001	1.96818046e-001	
4.31732973e+001	1.96788199e-001	
4.32366942e+001	1.96758352e-001	
4.33000911e+001	1.96741044e-001	
4.33634880e+001	1.96832611e-001	
4.34268849e+001	1.96923082e-001	
4.34902819e+001	1.96987406e-001	
4.35536788e+001	1.97051730e-001	
4.36170757e+001	1.97064317e-001	
4.36804726e+001	1.97074655e-001	
4.37438695e+001	1.97038690e-001	
4.38072664e+001	1.96996198e-001	
4.38706633e+001	1.97020366e-001	
4.39340602e+001	1.97061627e-001	
4.39974572e+001	1.97113270e-001	
4.40608541e+001	1.97169099e-001	
4.41242510e+001	1.97187669e-001	
4.41876479e+001	1.97184406e-001	
4.42510448e+001	1.97160009e-001	
4.43144417e+001	1.97118224e-001	
4.43778386e+001	1.97110785e-001	
4.44412355e+001	1.97141652e-001	
4.45046325e+001	1.97184847e-001	
4.45680294e+001	1.97247755e-001	
4.46314263e+001	1.97273195e-001	
4.46948232e+001	1.97212354e-001	
4.47582201e+001	1.97169093e-001	
4.48216170e+001	1.97187868e-001	
4.48850139e+001	1.97208075e-001	
4.49484108e+001	1.97241552e-001	
4.50118078e+001	1.97277294e-001	
4.50752047e+001	1.97350537e-001	
4.51386016e+001	1.97423780e-001	
4.52019985e+001	1.97393203e-001	
4.52653954e+001	1.97359964e-001	
4.53287923e+001	1.97339660e-001	
4.53921892e+001	1.97320907e-001	
4.54555861e+001	1.97335626e-001	
4.55189831e+001	1.97354514e-001	
4.55823800e+001	1.97373401e-001	
4.56457769e+001	1.97392289e-001	
4.57091738e+001	1.97402548e-001	
4.57725707e+001	1.97408104e-001	
4.58359676e+001	1.97412880e-001	
4.58993645e+001	1.97417058e-001	
4.59627614e+001	1.97454062e-001	
4.60261583e+001	1.97524847e-001	
4.60895553e+001	1.97522883e-001	
4.61529522e+001	1.97412426e-001	
4.62163491e+001	1.97341419e-001	
4.62797460e+001	1.97354460e-001	
4.63431429e+001	1.97367501e-001	
4.64065398e+001	1.97380542e-001	
4.64699367e+001	1.97396936e-001	
4.65333336e+001	1.97434243e-001	
4.65967306e+001	1.97470471e-001	
4.66601275e+001	1.97493096e-001	
4.67235244e+001	1.97515722e-001	
4.67869213e+001	1.97489669e-001	
4.68503182e+001	1.97463206e-001	
4.69137151e+001	1.97436744e-001	
4.69771120e+001	1.97410281e-001	
4.70405089e+001	1.97422343e-001	
4.71039059e+001	1.97443270e-001	
4.71673028e+001	1.97464196e-001	
4.72306997e+001	1.97485122e-001	
4.72940966e+001	1.97490301e-001	
4.73574935e+001	1.97487506e-001	
4.74208904e+001	1.97484712e-001	
4.74842873e+001	1.97481918e-001	
4.75476842e+001	1.97481812e-001	
4.76110812e+001	1.97484368e-001	
4.76744781e+001	1.97486925e-001	
4.77378750e+001	1.97489481e-001	
4.78012719e+001	1.97484117e-001	
4.78646688e+001	1.97463108e-001	
4.79280657e+001	1.97442099e-001	
4.79914626e+001	1.97421090e-001	
4.80548595e+001	1.97408941e-001	
4.81182565e+001	1.97435200e-001	
4.81816534e+001	1.97461460e-001	
4.82450503e+001	1.97487719e-001	
4.83084472e+001	1.97513566e-001	
4.83718441e+001	1.97490336e-001	
4.84352410e+001	1.97467107e-001	
4.84986379e+001	1.97428638e-001	
4.85620348e+001	1.97388960e-001	
4.86254318e+001	1.97380754e-001	
4.86888287e+001	1.97377068e-001	
4.87522256e+001	1.97373383e-001	
4.88156225e+001	1.97369697e-001	
4.88790194e+001	1.97384427e-001	
4.89424163e+001	1.97407800e-001	
4.90058132e+001	1.97370334e-001	
4.90692101e+001	1.97292076e-001	
4.91326071e+001	1.97278819e-001	
4.91960040e+001	1.97321971e-001	
4.92594009e+001	1.97365123e-001	
4.93227978e+001	1.97408276e-001	
4.93861947e+001	1.97425746e-001	
4.94495916e+001	1.97396100e-001	
4.95129885e+001	1.97365135e-001	
4.95763854e+001	1.97330623e-001	
4.96397824e+001	1.97307800e-001	
4.97031793e+001	1.97333129e-001	
4.97665762e+001	1.97355533e-001	
4.98299731e+001	1.97353498e-001	
4.98933700e+001	1.97350929e-001	
4.99567669e+001	1.97327549e-001	
5.00201638e+001	1.97304169e-001	
5.00835607e+001	1.97284772e-001	
5.01469577e+001	1.97265613e-001	
5.02103546e+001	1.97266606e-001	
5.02737515e+001	1.97268017e-001	
5.03371484e+001	1.97269428e-001	
5.04005453e+001	1.97270839e-001	
5.04639422e+001	1.97239812e-001	
5.05273391e+001	1.97194699e-001	
5.05907360e+001	1.97125823e-001	
5.06541329e+001	1.97042090e-001	
5.07175299e+001	1.97022197e-001	
5.07809268e+001	1.97055258e-001	
5.08443237e+001	1.97088320e-001	
5.09077206e+001	1.97121381e-001	
5.09711175e+001	1.97132644e-001	
5.10345144e+001	1.97106705e-001	
5.10979113e+001	1.97061894e-001	
5.11613082e+001	1.96970321e-001	
5.12247052e+001	1.96911116e-001	
5.12881021e+001	1.96963940e-001	
5.13514990e+001	1.97012157e-001	
5.14148959e+001	1.97027707e-001	
5.14782928e+001	1.97039917e-001	
5.15416897e+001	1.96975308e-001	
5.16050866e+001	1.96910698e-001	
5.16684835e+001	1.96883176e-001	
5.17318805e+001	1.96857213e-001	
5.17952774e+001	1.96861366e-001	
5.18586743e+001	1.96867798e-001	
5.19220712e+001	1.96857326e-001	
5.19854681e+001	1.96842515e-001	
5.20488650e+001	1.96767956e-001	
5.21122619e+001	1.96669451e-001	
5.21756588e+001	1.96683369e-001	
5.22390558e+001	1.96762770e-001	
5.23024527e+001	1.96788654e-001	
5.23658496e+001	1.96763924e-001	
5.24292465e+001	1.96739195e-001	
5.24926434e+001	1.96714465e-001	
5.25560403e+001	1.96665359e-001	
5.26194372e+001	1.96577497e-001	
5.26828341e+001	1.96502229e-001	
5.27462311e+001	1.96455788e-001	
5.28096280e+001	1.96456756e-001	
5.28730249e+001	1.96518194e-001	
5.29364218e+001	1.96444123e-001	
5.29998187e+001	1.95539621e-001	
5.30632156e+001	1.94641309e-001	
5.31266125e+001	1.93843296e-001	
5.31900094e+001	1.93045284e-001	
5.32534064e+001	1.87515206e-001	
5.33168033e+001	1.81870717e-001	
5.33802002e+001	1.71826245e-001	
5.34435971e+001	1.60671063e-001	
5.35069940e+001	1.49515881e-001	
5.35703909e+001	1.38360699e-001	
5.36337878e+001	1.26503021e-001	
5.36971847e+001	1.14386185e-001	
5.37605817e+001	1.04911602e-001	
5.38239786e+001	9.68684421e-002	
5.38873755e+001	9.07359259e-002	
5.39507724e+001	8.52402246e-002	
5.40141693e+001	8.03953517e-002	
5.40775662e+001	7.62423467e-002	
5.41409631e+001	7.22778743e-002	
5.42043600e+001	6.85929713e-002	
5.42677570e+001	6.51878841e-002	
5.43311539e+001	6.23751365e-002	
5.43945508e+001	5.99259796e-002	
5.44579477e+001	5.78952432e-002	
5.45213446e+001	5.58970232e-002	
5.45847415e+001	5.40734866e-002	
5.46481384e+001	5.22853628e-002	
5.47115353e+001	5.09339841e-002	
5.47749323e+001	4.95826054e-002	
5.48383292e+001	4.87380438e-002	
5.49017261e+001	4.78970280e-002	
5.49651230e+001	4.71412817e-002	
5.50285199e+001	4.63284523e-002	
5.50919168e+001	4.57320005e-002	
5.51553137e+001	4.51801278e-002	
5.52187106e+001	4.48178024e-002	
5.52821075e+001	4.45195981e-002	
5.53455045e+001	4.43437048e-002	
5.54089014e+001	4.42293512e-002	
5.54722983e+001	4.42763974e-002	
5.55356952e+001	4.44441898e-002	
5.55990921e+001	4.46486727e-002	
5.56624890e+001	4.48896430e-002	
5.57258859e+001	4.52179858e-002	
5.57892828e+001	4.56672583e-002	
5.58526798e+001	4.62212906e-002	
5.59160767e+001	4.69809613e-002	
5.59794736e+001	4.77599604e-002	
5.60428705e+001	4.88519603e-002	
5.61062674e+001	4.99671553e-002	
5.61696643e+001	5.11927546e-002	
5.62330612e+001	5.24416916e-002	
5.62964581e+001	5.39218497e-002	
5.63598551e+001	5.54096817e-002	
5.64232520e+001	5.76788664e-002	
5.64866489e+001	5.99480510e-002	
5.65500458e+001	6.25895246e-002	
5.66134427e+001	6.54537763e-002	
5.66768396e+001	6.84454460e-002	
5.67402365e+001	7.14603344e-002	
5.68036334e+001	7.58988601e-002	
5.68670304e+001	8.07774071e-002	
5.69304273e+001	8.62005198e-002	
5.69938242e+001	9.18776166e-002	
5.70572211e+001	9.87712234e-002	
5.71206180e+001	1.07275422e-001	
5.71840149e+001	1.16255445e-001	
5.72474118e+001	1.25678139e-001	
5.73108087e+001	1.36890664e-001	
5.73742057e+001	1.50417437e-001	
5.74376026e+001	1.63419230e-001	
5.75009995e+001	1.75463860e-001	
5.75643964e+001	1.85076927e-001	
5.76277933e+001	1.90189293e-001	
5.76911902e+001	1.94499796e-001	
5.77545871e+001	1.95397923e-001	
5.78179840e+001	1.96210554e-001	
5.78813810e+001	1.96319230e-001	
5.79447779e+001	1.96424000e-001	
5.80081748e+001	1.96384201e-001	
5.80715717e+001	1.96344402e-001	
5.81349686e+001	1.96406874e-001	
5.81983655e+001	1.96495172e-001	
5.82617624e+001	1.96515627e-001	
5.83251593e+001	1.96525263e-001	
5.83885563e+001	1.96493043e-001	
5.84519532e+001	1.96449056e-001	
5.85153501e+001	1.96419843e-001	
5.85787470e+001	1.96397007e-001	
5.86421439e+001	1.96374197e-001	
5.87055408e+001	1.96355251e-001	
5.87689377e+001	1.96336306e-001	
5.88323346e+001	1.96317360e-001	
5.88957316e+001	1.96317513e-001	
5.89591285e+001	1.96340753e-001	
5.90225254e+001	1.96380324e-001	
5.90859223e+001	1.96447602e-001	
5.91493192e+001	1.96474626e-001	
5.92127161e+001	1.96414744e-001	
5.92761130e+001	1.96370126e-001	
5.93395099e+001	1.96383991e-001	
5.94029068e+001	1.96388643e-001	
5.94663038e+001	1.96328818e-001	
5.95297007e+001	1.96270401e-001	
5.95930976e+001	1.96243244e-001	
5.96564945e+001	1.96216087e-001	
5.97198914e+001	1.96207291e-001	
5.97832883e+001	1.96200423e-001	
5.98466852e+001	1.96193556e-001	
5.99100821e+001	1.96186688e-001	
5.99734791e+001	1.96179994e-001	
6.00368760e+001	1.96173347e-001	
6.01002729e+001	1.96150927e-001	
6.01636698e+001	1.96122229e-001	
6.02270667e+001	1.96119224e-001	
6.02904636e+001	1.96131315e-001	
6.03538605e+001	1.96138628e-001	
6.04172574e+001	1.96142054e-001	
6.04806544e+001	1.96123019e-001	
6.05440513e+001	1.96078604e-001	
6.06074482e+001	1.96035283e-001	
6.06708451e+001	1.95993690e-001	
6.07342420e+001	1.95968032e-001	
6.07976389e+001	1.95978631e-001	
6.08610358e+001	1.95987232e-001	
6.09244327e+001	1.95988899e-001	
6.09878297e+001	1.95983069e-001	
6.10512266e+001	1.95931828e-001	
6.11146235e+001	1.95881129e-001	
6.11780204e+001	1.95838933e-001	
6.12414173e+001	1.95796738e-001	
6.13048142e+001	1.95809345e-001	
6.13682111e+001	1.95823131e-001	
6.14316080e+001	1.95808146e-001	
6.14950050e+001	1.95789815e-001	
6.15584019e+001	1.95766798e-001	
6.16217988e+001	1.95742714e-001	
6.16851957e+001	1.95718630e-001	
6.17485926e+001	1.95694546e-001	
6.18119895e+001	1.95657410e-001	
6.18753864e+001	1.95615928e-001	
6.19387833e+001	1.95574446e-001	
6.20021803e+001	1.95532964e-001	
6.20655772e+001	1.95497464e-001	
6.21289741e+001	1.95468291e-001	
6.21923710e+001	1.95439119e-001	
6.22557679e+001	1.95409946e-001	
6.23191648e+001	1.95383713e-001	
6.23825617e+001	1.95372083e-001	
6.24459586e+001	1.95353985e-001	
6.25093556e+001	1.95315438e-001	
6.25727525e+001	1.95280302e-001	
6.26361494e+001	1.95263308e-001	
6.26995463e+001	1.95246314e-001	
6.27629432e+001	1.95229320e-001	
6.28263401e+001	1.95212326e-001	
6.28897370e+001	1.95175536e-001	
6.29531339e+001	1.95142472e-001	
6.30165309e+001	1.95102857e-001	
6.30799278e+001	1.95062614e-001	
6.31433247e+001	1.95045733e-001	
6.32067216e+001	1.95033620e-001	
6.32701185e+001	1.95021507e-001	
6.33335154e+001	1.95009394e-001	
6.33969123e+001	1.94978662e-001	
6.34603092e+001	1.94942090e-001	
6.35237062e+001	1.94905519e-001	
6.35871031e+001	1.94868947e-001	
6.36505000e+001	1.94827652e-001	
6.37138969e+001	1.94781691e-001	
6.37772938e+001	1.94735730e-001	
6.38406907e+001	1.94689769e-001	
6.39040876e+001	1.94651066e-001	
6.39674845e+001	1.94635269e-001	
6.40308814e+001	1.94611728e-001	
6.40942784e+001	1.94565792e-001	
6.41576753e+001	1.94521480e-001	
6.42210722e+001	1.94484827e-001	
6.42844691e+001	1.94452181e-001	
6.43478660e+001	1.94458582e-001	
6.44112629e+001	1.94463997e-001	
6.44746598e+001	1.94413123e-001	
6.45380567e+001	1.94362249e-001	
6.46014537e+001	1.94306913e-001	
6.46648506e+001	1.94251238e-001	
6.47282475e+001	1.94203670e-001	
6.47916444e+001	1.94157564e-001	
6.48550413e+001	1.94153976e-001	
6.49184382e+001	1.94163428e-001	
6.49818351e+001	1.94126130e-001	
6.50452320e+001	1.94067493e-001	
6.51086290e+001	1.94011416e-001	
6.51720259e+001	1.93957035e-001	
6.52354228e+001	1.93903506e-001	
6.52988197e+001	1.93850766e-001	
6.53622166e+001	1.93826928e-001	
6.54256135e+001	1.93840249e-001	
6.54890104e+001	1.93825278e-001	
6.55524073e+001	1.93759279e-001	
6.56158043e+001	1.93696825e-001	
6.56792012e+001	1.93643785e-001	
6.57425981e+001	1.93589641e-001	
6.58059950e+001	1.93530840e-001	
6.58693919e+001	1.93480266e-001	
6.59327888e+001	1.93496442e-001	
6.59961857e+001	1.93510232e-001	
6.60595826e+001	1.93436221e-001	
6.61229796e+001	1.93362209e-001	
6.61863765e+001	1.93299797e-001	
6.62497734e+001	1.93238050e-001	
6.63131703e+001	1.93180478e-001	
6.63765672e+001	1.93123565e-001	
6.64399641e+001	1.93088679e-001	
6.65033610e+001	1.93059937e-001	
6.65667579e+001	1.93024960e-001	
6.66301549e+001	1.92989020e-001	
6.66935518e+001	1.92953081e-001	
6.67569487e+001	1.92917141e-001	
6.68203456e+001	1.92852972e-001	
6.68837425e+001	1.92764375e-001	
6.69471394e+001	1.92699242e-001	
6.70105363e+001	1.92662311e-001	
6.70739332e+001	1.92633641e-001	
6.71373302e+001	1.92623695e-001	
6.72007271e+001	1.92597378e-001	
6.72641240e+001	1.92531036e-001	
6.73275209e+001	1.92461610e-001	
6.73909178e+001	1.92380469e-001	
6.74543147e+001	1.92305147e-001	
6.75177116e+001	1.92270047e-001	
6.75811085e+001	1.92235182e-001	
6.76445055e+001	1.92224953e-001	
6.77079024e+001	1.92214725e-001	
6.77712993e+001	1.92150479e-001	
6.78346962e+001	1.92084129e-001	
6.78980931e+001	1.91978465e-001	
6.79614900e+001	1.91867469e-001	
6.80248869e+001	1.91827404e-001	
6.80882838e+001	1.91805226e-001	
6.81516808e+001	1.91790609e-001	
6.82150777e+001	1.91778675e-001	
6.82784746e+001	1.91733314e-001	
6.83418715e+001	1.91668718e-001	
6.84052684e+001	1.91577307e-001	
6.84686653e+001	1.91464207e-001	
6.85320622e+001	1.91395793e-001	
6.85954591e+001	1.91377605e-001	
6.86588560e+001	1.91380473e-001	
6.87222530e+001	1.91364448e-001	
6.87856499e+001	1.91271698e-001	
6.88490468e+001	1.91005743e-001	
6.89124437e+001	1.90559460e-001	
6.89758406e+001	1.89492144e-001	
6.90392375e+001	1.87834759e-001	
6.91026344e+001	1.82642769e-001	
6.91660313e+001	1.77513544e-001	
6.92294283e+001	1.65098916e-001	
6.92928252e+001	1.52684288e-001	
6.93562221e+001	1.40953741e-001	
6.94196190e+001	1.29237703e-001	
6.94830159e+001	1.19279799e-001	
6.95464128e+001	1.09523273e-001	
6.96098097e+001	1.01191229e-001	
6.96732066e+001	9.31819293e-002	
6.97366036e+001	8.73365415e-002	
6.98000005e+001	8.16755766e-002	
6.98633974e+001	7.70392865e-002	
6.99267943e+001	7.29513888e-002	
6.99901912e+001	6.92845809e-002	
7.00535881e+001	6.59361696e-002	
7.01169850e+001	6.28678551e-002	
7.01803819e+001	6.00940097e-002	
7.02437789e+001	5.77528330e-002	
7.03071758e+001	5.56428908e-002	
7.03705727e+001	5.37352173e-002	
7.04339696e+001	5.22503159e-002	
7.04973665e+001	5.08008671e-002	
7.05607634e+001	4.94626816e-002	
7.06241603e+001	4.81791201e-002	
7.06875572e+001	4.71829264e-002	
7.07509542e+001	4.62631931e-002	
7.08143511e+001	4.55517546e-002	
7.08777480e+001	4.48403160e-002	
7.09411449e+001	4.44075629e-002	
7.10045418e+001	4.39759764e-002	
7.10679387e+001	4.36343852e-002	
7.11313356e+001	4.33012750e-002	
7.11947325e+001	4.31645329e-002	
7.12581295e+001	4.30674574e-002	
7.13215264e+001	4.31180714e-002	
7.13849233e+001	4.32257025e-002	
7.14483202e+001	4.34989843e-002	
7.15117171e+001	4.38545754e-002	
7.15751140e+001	4.42411036e-002	
7.16385109e+001	4.46494791e-002	
7.17019078e+001	4.52225967e-002	
7.17653048e+001	4.59577312e-002	
7.18287017e+001	4.67329936e-002	
7.18920986e+001	4.77203638e-002	
7.19554955e+001	4.88514237e-002	
7.20188924e+001	5.02610655e-002	
7.20822893e+001	5.16805688e-002	
7.21456862e+001	5.31283822e-002	
7.22090831e+001	5.46932893e-002	
7.22724801e+001	5.68049219e-002	
7.23358770e+001	5.87981724e-002	
7.23992739e+001	6.15330195e-002	
7.24626708e+001	6.42809727e-002	
7.25260677e+001	6.80641897e-002	
7.25894646e+001	7.18474067e-002	
7.26528615e+001	7.56167560e-002	
7.27162584e+001	7.93850690e-002	
7.27796554e+001	8.48752585e-002	
7.28430523e+001	9.06726120e-002	
7.29064492e+001	9.77606679e-002	
7.29698461e+001	1.05858986e-001	
7.30332430e+001	1.14752977e-001	
7.30966399e+001	1.24013340e-001	
7.31600368e+001	1.35869869e-001	
7.32234337e+001	1.49437289e-001	
7.32868306e+001	1.60425667e-001	
7.33502276e+001	1.69041380e-001	
7.34136245e+001	1.76876142e-001	
7.34770214e+001	1.84851943e-001	
7.35404183e+001	1.90361963e-001	
7.36038152e+001	1.91429705e-001	
7.36672121e+001	1.92134038e-001	
7.37306090e+001	1.91880320e-001	
7.37940059e+001	1.91709553e-001	
7.38574029e+001	1.91885360e-001	
7.39207998e+001	1.92012143e-001	
7.39841967e+001	1.91973912e-001	
7.40475936e+001	1.91935682e-001	
7.41109905e+001	1.91897451e-001	
7.41743874e+001	1.91859221e-001	
7.42377843e+001	1.91858148e-001	
7.43011812e+001	1.91859144e-001	
7.43645782e+001	1.91838566e-001	
7.44279751e+001	1.91814630e-001	
7.44913720e+001	1.91785438e-001	
7.45547689e+001	1.91760235e-001	
7.46181658e+001	1.91731360e-001	
7.46815627e+001	1.91700922e-001	
7.47449596e+001	1.91669452e-001	
7.48083565e+001	1.91637348e-001	
7.48717535e+001	1.91598116e-001	
7.49351504e+001	1.91552751e-001	
7.49985473e+001	1.91540150e-001	
7.50619442e+001	1.91575857e-001	
7.51253411e+001	1.91599711e-001	
7.51887380e+001	1.91603693e-001	
7.52521349e+001	1.91578895e-001	
7.53155318e+001	1.91484203e-001	
7.53789288e+001	1.91407512e-001	
7.54423257e+001	1.91398654e-001	
7.55057226e+001	1.91378824e-001	
7.55691195e+001	1.91309314e-001	
7.56325164e+001	1.91243634e-001	
7.56959133e+001	1.91257709e-001	
7.57593102e+001	1.91271784e-001	
7.58227071e+001	1.91256292e-001	
7.58861041e+001	1.91239693e-001	
7.59495010e+001	1.91217178e-001	
7.60128979e+001	1.91193873e-001	
7.60762948e+001	1.91154907e-001	
7.61396917e+001	1.91116258e-001	
7.62030886e+001	1.91086784e-001	
7.62664855e+001	1.91060912e-001	
7.63298824e+001	1.91031820e-001	
7.63932794e+001	1.91000889e-001	
7.64566763e+001	1.90969957e-001	
7.65200732e+001	1.90939026e-001	
7.65834701e+001	1.90907353e-001	
7.66468670e+001	1.90882689e-001	
7.67102639e+001	1.90875842e-001	
7.67736608e+001	1.90896836e-001	
7.68370577e+001	1.90864780e-001	
7.69004547e+001	1.90713724e-001	
7.69638516e+001	1.90615546e-001	
7.70272485e+001	1.90698055e-001	
7.70906454e+001	1.90749704e-001	
7.71540423e+001	1.90633916e-001	
7.72174392e+001	1.90529571e-001	
7.72808361e+001	1.90596872e-001	
7.73442330e+001	1.90664173e-001	
7.74076300e+001	1.90573523e-001	
7.74710269e+001	1.90479743e-001	
7.75344238e+001	1.90448220e-001	
7.75978207e+001	1.90423720e-001	
7.76612176e+001	1.90413314e-001	
7.77246145e+001	1.90407034e-001	
7.77880114e+001	1.90374662e-001	
7.78514083e+001	1.90332870e-001	
7.79148052e+001	1.90287594e-001	
7.79782022e+001	1.90240468e-001	
7.80415991e+001	1.90207266e-001	
7.81049960e+001	1.90184531e-001	
7.81683929e+001	1.90169535e-001	
7.82317898e+001	1.90164829e-001	
7.82951867e+001	1.90144268e-001	
7.83585836e+001	1.90100602e-001	
7.84219805e+001	1.90055120e-001	
7.84853775e+001	1.90005873e-001	
7.85487744e+001	1.89963176e-001	
7.86121713e+001	1.89940878e-001	
7.86755682e+001	1.89913428e-001	
7.87389651e+001	1.89866665e-001	
7.88023620e+001	1.89823297e-001	
7.88657589e+001	1.89819417e-001	
7.89291558e+001	1.89815536e-001	
7.89925528e+001	1.89755614e-001	
7.90559497e+001	1.89695539e-001	
7.91193466e+001	1.89683750e-001	
7.91827435e+001	1.89676427e-001	
7.92461404e+001	1.89666493e-001	
7.93095373e+001	1.89658413e-001	
7.93729342e+001	1.89616387e-001	
7.94363311e+001	1.89563131e-001	
7.94997281e+001	1.89531537e-001	
7.95631250e+001	1.89510641e-001	
7.96265219e+001	1.89490997e-001	
7.96899188e+001	1.89472231e-001	
7.97533157e+001	1.89456738e-001	
7.98167126e+001	1.89447648e-001	
7.98801095e+001	1.89408555e-001	
7.99435064e+001	1.89328642e-001	
8.00069034e+001	1.89271437e-001	
8.00703003e+001	1.89257990e-001	
8.01336972e+001	1.89245324e-001	
8.01970941e+001	1.89234879e-001	
8.02604910e+001	1.89222444e-001	
8.03238879e+001	1.89209318e-001	
8.03872848e+001	1.89190391e-001	
8.04506817e+001	1.89116739e-001	
8.05140787e+001	1.89043853e-001	
8.05774756e+001	1.89025459e-001	
8.06408725e+001	1.89007064e-001	
8.07042694e+001	1.89006426e-001	
8.07676663e+001	1.89007082e-001	
8.08310632e+001	1.88977265e-001	
8.08944601e+001	1.88943072e-001	
8.09578570e+001	1.88891485e-001	
8.10212540e+001	1.88834646e-001	
8.10846509e+001	1.88796175e-001	
8.11480478e+001	1.88766107e-001	
8.12114447e+001	1.88753597e-001	
8.12748416e+001	1.88752588e-001	
8.13382385e+001	1.88752941e-001	
8.14016354e+001	1.88757994e-001	
8.14650323e+001	1.88733990e-001	
8.15284293e+001	1.88673049e-001	
8.15918262e+001	1.88613555e-001	
8.16552231e+001	1.88556653e-001	
8.17186200e+001	1.88517098e-001	
8.17820169e+001	1.88522950e-001	
8.18454138e+001	1.88527149e-001	
8.19088107e+001	1.88532225e-001	
8.19722076e+001	1.88529676e-001	
8.20356046e+001	1.88466987e-001	
8.20990015e+001	1.88404620e-001	
8.21623984e+001	1.88352488e-001	
8.22257953e+001	1.88300355e-001	
8.22891922e+001	1.88307216e-001	
8.23525891e+001	1.88317271e-001	
8.24159860e+001	1.88318607e-001	
8.24793829e+001	1.88320148e-001	
8.25427798e+001	1.88268598e-001	
8.26061768e+001	1.88202485e-001	
8.26695737e+001	1.88149384e-001	
8.27329706e+001	1.88101786e-001	
8.27963675e+001	1.88092408e-001	
8.28597644e+001	1.88106370e-001	
8.29231613e+001	1.88109771e-001	
8.29865582e+001	1.88106732e-001	
8.30499551e+001	1.88073147e-001	
8.31133521e+001	1.88003264e-001	
8.31767490e+001	1.87943661e-001	
8.32401459e+001	1.87901192e-001	
8.33035428e+001	1.87876355e-001	
8.33669397e+001	1.87894044e-001	
8.34303366e+001	1.87897966e-001	
8.34937335e+001	1.87884220e-001	
8.35571304e+001	1.87859475e-001	
8.36205274e+001	1.87760550e-001	
8.36839243e+001	1.87658930e-001	
8.37473212e+001	1.87502723e-001	
8.38107181e+001	1.87346516e-001	
8.38741150e+001	1.86856390e-001	
8.39375119e+001	1.86354224e-001	
8.40009088e+001	1.84222977e-001	
8.40643057e+001	1.82057382e-001	
8.41277027e+001	1.76031663e-001	
8.41910996e+001	1.69049124e-001	
8.42544965e+001	1.57612367e-001	
8.43178934e+001	1.44438927e-001	
8.43812903e+001	1.31904137e-001	
8.44446872e+001	1.19732633e-001	
8.45080841e+001	1.09143049e-001	
8.45714810e+001	1.01006700e-001	
8.46348780e+001	9.37125490e-002	
8.46982749e+001	8.73544504e-002	
8.47616718e+001	8.15686680e-002	
8.48250687e+001	7.66717502e-002	
8.48884656e+001	7.17917620e-002	
8.49518625e+001	6.69494948e-002	
8.50152594e+001	6.18008521e-002	
8.50786563e+001	5.59023592e-002	
8.51420533e+001	5.00850530e-002	
8.52054502e+001	4.47431043e-002	
8.52688471e+001	3.95236806e-002	
8.53322440e+001	3.60992628e-002	
8.53956409e+001	3.26748449e-002	
8.54590378e+001	3.01214871e-002	
8.55224347e+001	2.75841442e-002	
8.55858316e+001	2.56889816e-002	
8.56492286e+001	2.38613849e-002	
8.57126255e+001	2.23044001e-002	
8.57760224e+001	2.08076024e-002	
8.58394193e+001	1.95215150e-002	
8.59028162e+001	1.83109625e-002	
8.59662131e+001	1.73629085e-002	
8.60296100e+001	1.65536284e-002	
8.60930069e+001	1.57324756e-002	
8.61564039e+001	1.50065401e-002	
8.62198008e+001	1.43273518e-002	
8.62831977e+001	1.36967657e-002	
8.63465946e+001	1.31041148e-002	
8.64099915e+001	1.25664301e-002	
8.64733884e+001	1.20667586e-002	
8.65367853e+001	1.16455400e-002	
8.66001822e+001	1.11485996e-002	
8.66635792e+001	1.07832364e-002	
8.67269761e+001	1.04247964e-002	
8.67903730e+001	1.01020395e-002	
8.68537699e+001	9.78158844e-003	
8.69171668e+001	9.48745289e-003	
8.69805637e+001	9.19331734e-003	
8.70439606e+001	8.95838985e-003	
8.71073575e+001	8.72354464e-003	
8.71707544e+001	8.41425750e-003	
8.72341514e+001	8.21373579e-003	
8.72975483e+001	8.02982215e-003	
8.73609452e+001	7.84919705e-003	
8.74243421e+001	7.68610185e-003	
8.74877390e+001	7.52876344e-003	
8.75511359e+001	7.39611621e-003	
8.76145328e+001	7.27558437e-003	
8.76779297e+001	7.05451507e-003	
8.77413267e+001	6.96577624e-003	
8.78047236e+001	6.87960146e-003	
8.78681205e+001	6.79592025e-003	
8.79315174e+001	6.72984996e-003	
8.79949143e+001	6.68760571e-003	
8.80583112e+001	6.65678853e-003	
8.81217081e+001	6.64785341e-003	
8.81851050e+001	6.51914620e-003	
8.82485020e+001	6.56819522e-003	
8.83118989e+001	6.61711513e-003	
8.83752958e+001	6.66544208e-003	
8.84386927e+001	6.72571228e-003	
8.85020896e+001	6.89688375e-003	
8.85654865e+001	7.06930619e-003	
8.86288834e+001	7.32237537e-003	
8.86922803e+001	7.57544454e-003	
8.87556773e+001	7.83969108e-003	
8.88190742e+001	8.27253139e-003	
8.88824711e+001	8.80181247e-003	
8.89458680e+001	9.34792980e-003	
8.90092649e+001	1.00644207e-002	
8.90726618e+001	1.08319673e-002	
8.91360587e+001	1.14484343e-002	
8.91994556e+001	1.19962361e-002	
8.92628526e+001	1.19905684e-002	
8.93262495e+001	1.18062115e-002	
8.93896464e+001	1.14884587e-002	
8.94530433e+001	1.10493365e-002	
8.95164402e+001	1.05964427e-002	
8.95798371e+001	1.01261311e-002	
8.96432340e+001	9.69438557e-003	
8.97066309e+001	9.33127984e-003	
8.97700279e+001	8.94788506e-003	
8.98334248e+001	8.62045133e-003	
8.98968217e+001	8.30007402e-003	
8.99602186e+001	8.00867064e-003	
9.00236155e+001	7.71971210e-003	
9.00870124e+001	7.44976754e-003	
9.01504093e+001	7.18114904e-003	
9.02138062e+001	6.95270134e-003	
9.02772032e+001	6.72425364e-003	
9.03406001e+001	6.52055603e-003	
9.04039970e+001	6.33524464e-003	
9.04673939e+001	6.15029800e-003	
9.05307908e+001	5.96540686e-003	
9.05941877e+001	5.79370046e-003	
9.06575846e+001	5.62558115e-003	
9.07209815e+001	5.46875569e-003	
9.07843785e+001	5.31667450e-003	
9.08477754e+001	5.16117862e-003	
9.09111723e+001	5.02067465e-003	
9.09745692e+001	4.87525228e-003	
9.10379661e+001	4.72564431e-003	
9.11013630e+001	4.59319826e-003	
9.11647599e+001	4.48103443e-003	
9.12281568e+001	4.36887060e-003	
9.12915538e+001	4.25670677e-003	
9.13549507e+001	4.13805316e-003	
9.14183476e+001	4.03250280e-003	
9.14817445e+001	3.92695245e-003	
9.15451414e+001	3.82140209e-003	
9.16085383e+001	3.71538088e-003	
9.16719352e+001	3.60622263e-003	
9.17353321e+001	3.49798881e-003	
9.17987290e+001	3.40784668e-003	
9.18621260e+001	3.31770455e-003	
9.19255229e+001	3.22308871e-003	
9.19889198e+001	3.13521149e-003	
9.20523167e+001	3.03296976e-003	
9.21157136e+001	2.92885633e-003	
9.21791105e+001	2.85268936e-003	
9.22425074e+001	2.78338800e-003	
9.23059043e+001	2.71408665e-003	
9.23693013e+001	2.64478530e-003	
9.24326982e+001	2.55452695e-003	
9.24960951e+001	2.46191414e-003	
9.25594920e+001	2.38029227e-003	
9.26228889e+001	2.30741374e-003	
9.26862858e+001	2.23496214e-003	
9.27496827e+001	2.16298238e-003	
9.28130796e+001	2.09294249e-003	
9.28764766e+001	2.02589785e-003	
9.29398735e+001	1.95207525e-003	
9.30032704e+001	1.88023853e-003	
9.30666673e+001	1.81008262e-003	
9.31300642e+001	1.74558053e-003	
9.31934611e+001	1.68095848e-003	
9.32568580e+001	1.61564114e-003	
9.33202549e+001	1.54968010e-003	
9.33836519e+001	1.47450118e-003	
9.34470488e+001	1.39932226e-003	
9.35104457e+001	1.34484825e-003	
9.35738426e+001	1.29535104e-003	
9.36372395e+001	1.24585384e-003	
9.37006364e+001	1.19635664e-003	
9.37640333e+001	1.13232547e-003	
9.38274302e+001	1.06509216e-003	
9.38908272e+001	1.00425354e-003	
9.39542241e+001	9.45690730e-004	
9.40176210e+001	8.83624331e-004	
9.40810179e+001	8.26288663e-004	
9.41444148e+001	7.64544466e-004	
9.42078117e+001	6.99522913e-004	
9.42712086e+001	6.44029524e-004	
9.43346055e+001	5.98387272e-004	
9.43980025e+001	5.52745020e-004	
9.44613994e+001	5.07102767e-004	
9.45247963e+001	4.52592400e-004	
9.45881932e+001	3.92161035e-004	
9.46515901e+001	3.31311532e-004	
9.47149870e+001	2.69179080e-004	
9.47783839e+001	2.09167697e-004	
9.48417808e+001	1.59977207e-004	
9.49051778e+001	1.10786716e-004	
9.49685747e+001	6.15962261e-005	
9.50319716e+001	1.24058576e-005	
