% Column 0: Length, mm
% Column 1: B.n, Tesla
0.00000000e+000	1.48561714e-004	
6.33969123e-002	4.47560411e-004	
1.26793825e-001	7.46559209e-004	
1.90190737e-001	1.04555801e-003	
2.53587649e-001	1.34455680e-003	
3.16984562e-001	1.64522077e-003	
3.80381474e-001	1.94621112e-003	
4.43778386e-001	2.24720148e-003	
5.07175299e-001	2.54819184e-003	
5.70572211e-001	2.85488059e-003	
6.33969123e-001	3.13060425e-003	
6.97366036e-001	3.40632791e-003	
7.60762948e-001	3.68205157e-003	
8.24159860e-001	3.99937635e-003	
8.87556773e-001	4.35694118e-003	
9.50953685e-001	4.72453313e-003	
1.01435060e+000	5.10561467e-003	
1.07774751e+000	5.47275044e-003	
1.14114442e+000	5.74524798e-003	
1.20454133e+000	6.01774551e-003	
1.26793825e+000	6.29024305e-003	
1.33133516e+000	6.58114182e-003	
1.39473207e+000	6.95555398e-003	
1.45812898e+000	7.33217268e-003	
1.52152590e+000	7.72896145e-003	
1.58492281e+000	8.14882517e-003	
1.64831972e+000	8.43797028e-003	
1.71171663e+000	8.72711538e-003	
1.77511355e+000	9.01626049e-003	
1.83851046e+000	9.30540559e-003	
1.90190737e+000	9.69106181e-003	
1.96530428e+000	1.00933780e-002	
2.02870119e+000	1.05319378e-002	
2.09209811e+000	1.09812746e-002	
2.15549502e+000	1.13769929e-002	
2.21889193e+000	1.17069633e-002	
2.28228884e+000	1.20369336e-002	
2.34568576e+000	1.23669039e-002	
2.40908267e+000	1.27651798e-002	
2.47247958e+000	1.32252559e-002	
2.53587649e+000	1.36658162e-002	
2.59927341e+000	1.40818445e-002	
2.66267032e+000	1.45363064e-002	
2.72606723e+000	1.49717384e-002	
2.78946414e+000	1.54136590e-002	
2.85286105e+000	1.58723331e-002	
2.91625797e+000	1.63217466e-002	
2.97965488e+000	1.67334651e-002	
3.04305179e+000	1.71625549e-002	
3.10644870e+000	1.77249639e-002	
3.16984562e+000	1.83223298e-002	
3.23324253e+000	1.88002065e-002	
3.29663944e+000	1.92780831e-002	
3.36003635e+000	1.97559598e-002	
3.42343327e+000	2.02338364e-002	
3.48683018e+000	2.09114046e-002	
3.55022709e+000	2.16189590e-002	
3.61362400e+000	2.22045244e-002	
3.67702091e+000	2.27571727e-002	
3.74041783e+000	2.34725619e-002	
3.80381474e+000	2.41862416e-002	
3.86721165e+000	2.49083311e-002	
3.93060856e+000	2.56354970e-002	
3.99400548e+000	2.63964152e-002	
4.05740239e+000	2.71858939e-002	
4.12079930e+000	2.79387532e-002	
4.18419621e+000	2.86485791e-002	
4.24759313e+000	2.95268531e-002	
4.31099004e+000	3.05042230e-002	
4.37438695e+000	3.14974576e-002	
4.43778386e+000	3.25284583e-002	
4.50118078e+000	3.35690457e-002	
4.56457769e+000	3.46448714e-002	
4.62797460e+000	3.57464355e-002	
4.69137151e+000	3.70173404e-002	
4.75476842e+000	3.83867501e-002	
4.81816534e+000	3.97607172e-002	
4.88156225e+000	4.11346842e-002	
4.94495916e+000	4.29063555e-002	
5.00835607e+000	4.46911534e-002	
5.07175299e+000	4.62596492e-002	
5.13514990e+000	4.78003552e-002	
5.19854681e+000	4.93410611e-002	
5.26194372e+000	5.08817670e-002	
5.32534064e+000	5.34974276e-002	
5.38873755e+000	5.62766023e-002	
5.45213446e+000	5.89726259e-002	
5.51553137e+000	6.16219578e-002	
5.57892828e+000	6.42920793e-002	
5.64232520e+000	6.69786794e-002	
5.70572211e+000	6.90153533e-002	
5.76911902e+000	7.03377221e-002	
5.83251593e+000	7.03085748e-002	
5.89591285e+000	6.64239223e-002	
5.95930976e+000	6.25392698e-002	
6.02270667e+000	5.86546172e-002	
6.08610358e+000	5.45913079e-002	
6.14950050e+000	4.99315293e-002	
6.21289741e+000	4.55918265e-002	
6.27629432e+000	4.30857159e-002	
6.33969123e+000	4.16406723e-002	
6.40308814e+000	4.00189930e-002	
6.46648506e+000	3.83973137e-002	
6.52988197e+000	3.69601930e-002	
6.59327888e+000	3.55259324e-002	
6.65667579e+000	3.46902477e-002	
6.72007271e+000	3.39190254e-002	
6.78346962e+000	3.34427852e-002	
6.84686653e+000	3.30309319e-002	
6.91026344e+000	3.36963674e-002	
6.97366036e+000	3.35369586e-002	
7.03705727e+000	3.34170205e-002	
7.10045418e+000	3.33176966e-002	
7.16385109e+000	3.33810686e-002	
7.22724801e+000	3.35646937e-002	
7.29064492e+000	3.38034135e-002	
7.35404183e+000	3.40987819e-002	
7.41743874e+000	3.52426894e-002	
7.48083565e+000	3.56288934e-002	
7.54423257e+000	3.61042976e-002	
7.60762948e+000	3.67614908e-002	
7.67102639e+000	3.74108719e-002	
7.73442330e+000	3.80364735e-002	
7.79782022e+000	3.86620752e-002	
7.86121713e+000	3.92876768e-002	
7.92461404e+000	4.07006076e-002	
7.98801095e+000	4.18379543e-002	
8.05140787e+000	4.29754082e-002	
8.11480478e+000	4.41905986e-002	
8.17820169e+000	4.54057890e-002	
8.24159860e+000	4.66130554e-002	
8.30499551e+000	4.78196267e-002	
8.36839243e+000	4.93665114e-002	
8.43178934e+000	5.09794260e-002	
8.49518625e+000	5.35821419e-002	
8.55858316e+000	5.56214381e-002	
8.62198008e+000	5.74254451e-002	
8.68537699e+000	5.91154339e-002	
8.74877390e+000	6.15685509e-002	
8.81217081e+000	6.45483376e-002	
8.87556773e+000	6.74124961e-002	
8.93896464e+000	7.01654285e-002	
9.00236155e+000	7.39883121e-002	
9.06575846e+000	7.79847928e-002	
9.12915538e+000	8.24624355e-002	
9.19255229e+000	8.78502339e-002	
9.25594920e+000	9.33126560e-002	
9.31934611e+000	9.89832251e-002	
9.38274302e+000	1.05151672e-001	
9.44613994e+000	1.13558675e-001	
9.50953685e+000	1.22588081e-001	
9.57293376e+000	1.34806289e-001	
9.63633067e+000	1.47074217e-001	
9.69972759e+000	1.62047227e-001	
9.76312450e+000	1.77020237e-001	
9.82652141e+000	2.00925290e-001	
9.88991832e+000	2.25440032e-001	
9.95331524e+000	2.45726273e-001	
1.00167121e+001	2.65290650e-001	
1.00801091e+001	2.90628572e-001	
1.01435060e+001	3.16872396e-001	
1.02069029e+001	3.45226759e-001	
1.02702998e+001	3.74528211e-001	
1.03336967e+001	4.04746262e-001	
1.03970936e+001	4.35554631e-001	
1.04604905e+001	4.66363000e-001	
1.05238874e+001	4.97171369e-001	
1.05872844e+001	5.45076638e-001	
1.06506813e+001	6.07890125e-001	
1.07140782e+001	6.71530583e-001	
1.07774751e+001	7.36623346e-001	
1.08408720e+001	7.88470822e-001	
1.09042689e+001	8.06351661e-001	
1.09676658e+001	8.24232499e-001	
1.10310627e+001	8.42113338e-001	
1.10944597e+001	8.59589468e-001	
1.11578566e+001	8.66962715e-001	
1.12212535e+001	8.74050061e-001	
1.12846504e+001	8.73195242e-001	
1.13480473e+001	8.72340422e-001	
1.14114442e+001	8.72787686e-001	
1.14748411e+001	8.73299529e-001	
1.15382380e+001	8.73588893e-001	
1.16016350e+001	8.73845283e-001	
1.16650319e+001	8.73946916e-001	
1.17284288e+001	8.73967136e-001	
1.17918257e+001	8.74072940e-001	
1.18552226e+001	8.74214240e-001	
1.19186195e+001	8.74343264e-001	
1.19820164e+001	8.74464912e-001	
1.20454133e+001	8.74593739e-001	
1.21088103e+001	8.74728611e-001	
1.21722072e+001	8.74769225e-001	
1.22356041e+001	8.74668005e-001	
1.22990010e+001	8.74830514e-001	
1.23623979e+001	8.75424858e-001	
1.24257948e+001	8.75834432e-001	
1.24891917e+001	8.75807131e-001	
1.25525886e+001	8.75799629e-001	
1.26159856e+001	8.75864271e-001	
1.26793825e+001	8.75932988e-001	
1.27427794e+001	8.75997344e-001	
1.28061763e+001	8.76066357e-001	
1.28695732e+001	8.76221326e-001	
1.29329701e+001	8.76376296e-001	
1.29963670e+001	8.76427957e-001	
1.30597639e+001	8.76476363e-001	
1.31231609e+001	8.76524769e-001	
1.31865578e+001	8.76573175e-001	
1.32499547e+001	8.76732148e-001	
1.33133516e+001	8.76914488e-001	
1.33767485e+001	8.77247626e-001	
1.34401454e+001	8.77638366e-001	
1.35035423e+001	8.77776802e-001	
1.35669392e+001	8.77774339e-001	
1.36303362e+001	8.77771876e-001	
1.36937331e+001	8.77769413e-001	
1.37571300e+001	8.77818733e-001	
1.38205269e+001	8.77916414e-001	
1.38839238e+001	8.78058067e-001	
1.39473207e+001	8.78266843e-001	
1.40107176e+001	8.78474348e-001	
1.40741145e+001	8.78679087e-001	
1.41375114e+001	8.78830900e-001	
1.42009084e+001	8.78807420e-001	
1.42643053e+001	8.78802344e-001	
1.43277022e+001	8.78830566e-001	
1.43910991e+001	8.78871949e-001	
1.44544960e+001	8.79093694e-001	
1.45178929e+001	8.79315438e-001	
1.45812898e+001	8.79548651e-001	
1.46446867e+001	8.79782023e-001	
1.47080837e+001	8.79799374e-001	
1.47714806e+001	8.79793822e-001	
1.48348775e+001	8.79852188e-001	
1.48982744e+001	8.79908519e-001	
1.49616713e+001	8.80099084e-001	
1.50250682e+001	8.80336755e-001	
1.50884651e+001	8.80561341e-001	
1.51518620e+001	8.80779132e-001	
1.52152590e+001	8.80877961e-001	
1.52786559e+001	8.80889347e-001	
1.53420528e+001	8.80844014e-001	
1.54054497e+001	8.80713873e-001	
1.54688466e+001	8.80808018e-001	
1.55322435e+001	8.81221633e-001	
1.55956404e+001	8.81559103e-001	
1.56590373e+001	8.81742332e-001	
1.57224343e+001	8.81899611e-001	
1.57858312e+001	8.81978441e-001	
1.58492281e+001	8.82068141e-001	
1.59126250e+001	8.82145360e-001	
1.59760219e+001	8.82234584e-001	
1.60394188e+001	8.82453523e-001	
1.61028157e+001	8.82672808e-001	
1.61662126e+001	8.83013859e-001	
1.62296096e+001	8.83354910e-001	
1.62930065e+001	8.83403010e-001	
1.63564034e+001	8.83425920e-001	
1.64198003e+001	8.83294306e-001	
1.64831972e+001	8.83110233e-001	
1.65465941e+001	8.83381797e-001	
1.66099910e+001	8.83799669e-001	
1.66733879e+001	8.84136067e-001	
1.67367849e+001	8.84433232e-001	
1.68001818e+001	8.84614598e-001	
1.68635787e+001	8.84716500e-001	
1.69269756e+001	8.84704294e-001	
1.69903725e+001	8.84543161e-001	
1.70537694e+001	8.84636152e-001	
1.71171663e+001	8.85067158e-001	
1.71805632e+001	8.85447050e-001	
1.72439602e+001	8.85730834e-001	
1.73073571e+001	8.85981591e-001	
1.73707540e+001	8.86140867e-001	
1.74341509e+001	8.86293256e-001	
1.74975478e+001	8.86300819e-001	
1.75609447e+001	8.86326976e-001	
1.76243416e+001	8.86517958e-001	
1.76877385e+001	8.86708792e-001	
1.77511355e+001	8.86891625e-001	
1.78145324e+001	8.87074457e-001	
1.78779293e+001	8.87403159e-001	
1.79413262e+001	8.87741583e-001	
1.80047231e+001	8.87789999e-001	
1.80681200e+001	8.87767132e-001	
1.81315169e+001	8.87952270e-001	
1.81949138e+001	8.88198283e-001	
1.82583108e+001	8.88470740e-001	
1.83217077e+001	8.88754975e-001	
1.83851046e+001	8.88931165e-001	
1.84485015e+001	8.89038194e-001	
1.85118984e+001	8.89217230e-001	
1.85752953e+001	8.89398044e-001	
1.86386922e+001	8.89578858e-001	
1.87020891e+001	8.89759671e-001	
1.87654860e+001	8.89965235e-001	
1.88288830e+001	8.90214065e-001	
1.88922799e+001	8.90462894e-001	
1.89556768e+001	8.90711723e-001	
1.90190737e+001	8.90970702e-001	
1.90824706e+001	8.91146605e-001	
1.91458675e+001	8.91322507e-001	
1.92092644e+001	8.91498410e-001	
1.92726613e+001	8.91679303e-001	
1.93360583e+001	8.91993133e-001	
1.93994552e+001	8.92306963e-001	
1.94628521e+001	8.92266400e-001	
1.95262490e+001	8.92208815e-001	
1.95896459e+001	8.92550065e-001	
1.96530428e+001	8.92893358e-001	
1.97164397e+001	8.93381983e-001	
1.97798366e+001	8.93909177e-001	
1.98432336e+001	8.94152290e-001	
1.99066305e+001	8.94278426e-001	
1.99700274e+001	8.94278832e-001	
2.00334243e+001	8.94204246e-001	
2.00968212e+001	8.94426716e-001	
2.01602181e+001	8.94799481e-001	
2.02236150e+001	8.95304382e-001	
2.02870119e+001	8.95962853e-001	
2.03504089e+001	8.96386549e-001	
2.04138058e+001	8.96428084e-001	
2.04772027e+001	8.96564259e-001	
2.05405996e+001	8.96922725e-001	
2.06039965e+001	8.97313621e-001	
2.06673934e+001	8.97615030e-001	
2.07307903e+001	8.97932575e-001	
2.07941872e+001	8.98353729e-001	
2.08575842e+001	8.98781068e-001	
2.09209811e+001	8.99319520e-001	
2.09843780e+001	8.99857973e-001	
2.10477749e+001	8.99738558e-001	
2.11111718e+001	8.99599391e-001	
2.11745687e+001	8.99341563e-001	
2.12379656e+001	8.98865852e-001	
2.13013625e+001	8.98390141e-001	
2.13647595e+001	8.97914430e-001	
2.14281564e+001	8.94295842e-001	
2.14915533e+001	8.89485237e-001	
2.15549502e+001	8.75125755e-001	
2.16183471e+001	8.55466196e-001	
2.16817440e+001	8.19021546e-001	
2.17451409e+001	7.65261421e-001	
2.18085378e+001	7.05549456e-001	
2.18719348e+001	6.39367588e-001	
2.19353317e+001	5.85363765e-001	
2.19987286e+001	5.49839749e-001	
2.20621255e+001	5.14315734e-001	
2.21255224e+001	4.78791719e-001	
2.21889193e+001	4.44789564e-001	
2.22523162e+001	4.05981391e-001	
2.23157131e+001	3.69984050e-001	
2.23791101e+001	3.49742750e-001	
2.24425070e+001	3.29910730e-001	
2.25059039e+001	3.15563122e-001	
2.25693008e+001	3.01215514e-001	
2.26326977e+001	2.89090246e-001	
2.26960946e+001	2.76993138e-001	
2.27594915e+001	2.68344495e-001	
2.28228884e+001	2.59061556e-001	
2.28862853e+001	2.50181121e-001	
2.29496823e+001	2.41386908e-001	
2.30130792e+001	2.34105011e-001	
2.30764761e+001	2.27349870e-001	
2.31398730e+001	2.22400868e-001	
2.32032699e+001	2.18383469e-001	
2.32666668e+001	2.14671654e-001	
2.33300637e+001	2.10574649e-001	
2.33934606e+001	2.07249959e-001	
2.34568576e+001	2.04710564e-001	
2.35202545e+001	2.02551813e-001	
2.35836514e+001	2.00932098e-001	
2.36470483e+001	1.99615288e-001	
2.37104452e+001	1.98908086e-001	
2.37738421e+001	1.98522042e-001	
2.38372390e+001	1.98813632e-001	
2.39006359e+001	1.99174517e-001	
2.39640329e+001	1.99878441e-001	
2.40274298e+001	2.00671614e-001	
2.40908267e+001	2.02411908e-001	
2.41542236e+001	2.04159361e-001	
2.42176205e+001	2.07618981e-001	
2.42810174e+001	2.11078601e-001	
2.43444143e+001	2.14843530e-001	
2.44078112e+001	2.18859998e-001	
2.44712082e+001	2.23162810e-001	
2.45346051e+001	2.27520028e-001	
2.45980020e+001	2.34207068e-001	
2.46613989e+001	2.41636579e-001	
2.47247958e+001	2.50022765e-001	
2.47881927e+001	2.58866663e-001	
2.48515896e+001	2.68796119e-001	
2.49149865e+001	2.80639284e-001	
2.49783835e+001	2.93520792e-001	
2.50417804e+001	3.07389929e-001	
2.51051773e+001	3.23857258e-001	
2.51685742e+001	3.43760897e-001	
2.52319711e+001	3.66147804e-001	
2.52953680e+001	3.93174830e-001	
2.53587649e+001	4.19108757e-001	
2.54221618e+001	4.48986024e-001	
2.54855588e+001	4.80909026e-001	
2.55489557e+001	5.21861142e-001	
2.56123526e+001	5.64589550e-001	
2.56757495e+001	6.22824541e-001	
2.57391464e+001	6.80912258e-001	
2.58025433e+001	7.32095129e-001	
2.58659402e+001	7.83278000e-001	
2.59293371e+001	8.03179092e-001	
2.59927341e+001	8.23323593e-001	
2.60561310e+001	8.31556364e-001	
2.61195279e+001	8.37800545e-001	
2.61829248e+001	8.40689385e-001	
2.62463217e+001	8.42603993e-001	
2.63097186e+001	8.43372442e-001	
2.63731155e+001	8.43633211e-001	
2.64365124e+001	8.43783271e-001	
2.64999094e+001	8.44010981e-001	
2.65633063e+001	8.44397130e-001	
2.66267032e+001	8.44924233e-001	
2.66901001e+001	8.45462387e-001	
2.67534970e+001	8.46014168e-001	
2.68168939e+001	8.46432954e-001	
2.68802908e+001	8.46620643e-001	
2.69436877e+001	8.46832081e-001	
2.70070847e+001	8.47083858e-001	
2.70704816e+001	8.47409648e-001	
2.71338785e+001	8.48028937e-001	
2.71972754e+001	8.48624454e-001	
2.72606723e+001	8.49044659e-001	
2.73240692e+001	8.49461960e-001	
2.73874661e+001	8.49804683e-001	
2.74508630e+001	8.50147407e-001	
2.75142599e+001	8.50539371e-001	
2.75776569e+001	8.50921667e-001	
2.76410538e+001	8.51164387e-001	
2.77044507e+001	8.51386909e-001	
2.77678476e+001	8.52034544e-001	
2.78312445e+001	8.52794048e-001	
2.78946414e+001	8.53415382e-001	
2.79580383e+001	8.53980205e-001	
2.80214352e+001	8.54284083e-001	
2.80848322e+001	8.54430561e-001	
2.81482291e+001	8.54781238e-001	
2.82116260e+001	8.55301823e-001	
2.82750229e+001	8.55800656e-001	
2.83384198e+001	8.56274347e-001	
2.84018167e+001	8.56802137e-001	
2.84652136e+001	8.57417463e-001	
2.85286105e+001	8.57892853e-001	
2.85920075e+001	8.58019654e-001	
2.86554044e+001	8.58226214e-001	
2.87188013e+001	8.58718792e-001	
2.87821982e+001	8.59205212e-001	
2.88455951e+001	8.59652539e-001	
2.89089920e+001	8.60107903e-001	
2.89723889e+001	8.60703571e-001	
2.90357858e+001	8.61299239e-001	
2.90991828e+001	8.61173054e-001	
2.91625797e+001	8.61010923e-001	
2.92259766e+001	8.61720042e-001	
2.92893735e+001	8.62536535e-001	
2.93527704e+001	8.63092510e-001	
2.94161673e+001	8.63586714e-001	
2.94795642e+001	8.64190887e-001	
2.95429611e+001	8.64836482e-001	
2.96063581e+001	8.64853043e-001	
2.96697550e+001	8.64501311e-001	
2.97331519e+001	8.64961537e-001	
2.97965488e+001	8.66053279e-001	
2.98599457e+001	8.66715660e-001	
2.99233426e+001	8.66913938e-001	
2.99867395e+001	8.67207102e-001	
3.00501364e+001	8.67643411e-001	
3.01135334e+001	8.68021684e-001	
3.01769303e+001	8.68205867e-001	
3.02403272e+001	8.68483398e-001	
3.03037241e+001	8.69065291e-001	
3.03671210e+001	8.69614671e-001	
3.04305179e+001	8.69983743e-001	
3.04939148e+001	8.70357788e-001	
3.05573117e+001	8.70797021e-001	
3.06207087e+001	8.71236254e-001	
3.06841056e+001	8.71472035e-001	
3.07475025e+001	8.71682565e-001	
3.08108994e+001	8.72254056e-001	
3.08742963e+001	8.72862584e-001	
3.09376932e+001	8.73164793e-001	
3.10010901e+001	8.73402024e-001	
3.10644870e+001	8.73639256e-001	
3.11278840e+001	8.73876487e-001	
3.11912809e+001	8.74275344e-001	
3.12546778e+001	8.74728292e-001	
3.13180747e+001	8.75292580e-001	
3.13814716e+001	8.75937759e-001	
3.14448685e+001	8.76384398e-001	
3.15082654e+001	8.76630282e-001	
3.15716623e+001	8.76876166e-001	
3.16350593e+001	8.77122050e-001	
3.16984562e+001	8.77422566e-001	
3.17618531e+001	8.77763745e-001	
3.18252500e+001	8.78104924e-001	
3.18886469e+001	8.78446104e-001	
3.19520438e+001	8.78818529e-001	
3.20154407e+001	8.79343998e-001	
3.20788376e+001	8.79847745e-001	
3.21422345e+001	8.80125019e-001	
3.22056315e+001	8.80432991e-001	
3.22690284e+001	8.80744226e-001	
3.23324253e+001	8.81055461e-001	
3.23958222e+001	8.81366696e-001	
3.24592191e+001	8.81677930e-001	
3.25226160e+001	8.82070372e-001	
3.25860129e+001	8.82478076e-001	
3.26494098e+001	8.82550171e-001	
3.27128068e+001	8.82516123e-001	
3.27762037e+001	8.82921795e-001	
3.28396006e+001	8.83507033e-001	
3.29029975e+001	8.84083379e-001	
3.29663944e+001	8.84653697e-001	
3.30297913e+001	8.85032905e-001	
3.30931882e+001	8.85231325e-001	
3.31565851e+001	8.85486819e-001	
3.32199821e+001	8.85817376e-001	
3.32833790e+001	8.86191923e-001	
3.33467759e+001	8.86554089e-001	
3.34101728e+001	8.86902091e-001	
3.34735697e+001	8.87211412e-001	
3.35369666e+001	8.87500415e-001	
3.36003635e+001	8.87700566e-001	
3.36637604e+001	8.87915438e-001	
3.37271574e+001	8.88256897e-001	
3.37905543e+001	8.88638269e-001	
3.38539512e+001	8.88943425e-001	
3.39173481e+001	8.89248581e-001	
3.39807450e+001	8.89553737e-001	
3.40441419e+001	8.89858893e-001	
3.41075388e+001	8.90197945e-001	
3.41709357e+001	8.90542580e-001	
3.42343327e+001	8.90799767e-001	
3.42977296e+001	8.91031769e-001	
3.43611265e+001	8.91333389e-001	
3.44245234e+001	8.91610915e-001	
3.44879203e+001	8.91888441e-001	
3.45513172e+001	8.92165967e-001	
3.46147141e+001	8.92446012e-001	
3.46781110e+001	8.92728269e-001	
3.47415080e+001	8.92988774e-001	
3.48049049e+001	8.93222549e-001	
3.48683018e+001	8.93500548e-001	
3.49316987e+001	8.93752434e-001	
3.49950956e+001	8.94004321e-001	
3.50584925e+001	8.94256208e-001	
3.51218894e+001	8.94529246e-001	
3.51852863e+001	8.94885374e-001	
3.52486833e+001	8.95178327e-001	
3.53120802e+001	8.95011664e-001	
3.53754771e+001	8.94910504e-001	
3.54388740e+001	8.95329815e-001	
3.55022709e+001	8.95749126e-001	
3.55656678e+001	8.96212304e-001	
3.56290647e+001	8.96677463e-001	
3.56924616e+001	8.96881713e-001	
3.57558586e+001	8.97048681e-001	
3.58192555e+001	8.97156902e-001	
3.58826524e+001	8.97249797e-001	
3.59460493e+001	8.97465295e-001	
3.60094462e+001	8.97677594e-001	
3.60728431e+001	8.98026871e-001	
3.61362400e+001	8.98456878e-001	
3.61996369e+001	8.98626119e-001	
3.62630339e+001	8.98579580e-001	
3.63264308e+001	8.98707304e-001	
3.63898277e+001	8.99035310e-001	
3.64532246e+001	8.99380342e-001	
3.65166215e+001	8.99662364e-001	
3.65800184e+001	9.00085262e-001	
3.66434153e+001	9.00834681e-001	
3.67068122e+001	9.01430876e-001	
3.67702091e+001	9.01482128e-001	
3.68336061e+001	9.01533379e-001	
3.68970030e+001	9.01584631e-001	
3.69603999e+001	9.01803430e-001	
3.70237968e+001	9.02239961e-001	
3.70871937e+001	9.02676491e-001	
3.71505906e+001	8.99398914e-001	
3.72139875e+001	8.96020692e-001	
3.72773844e+001	8.91736119e-001	
3.73407814e+001	8.87341511e-001	
3.74041783e+001	8.70459770e-001	
3.74675752e+001	8.50643808e-001	
3.75309721e+001	8.09845205e-001	
3.75943690e+001	7.58145939e-001	
3.76577659e+001	6.98960056e-001	
3.77211628e+001	6.35668373e-001	
3.77845597e+001	5.82459726e-001	
3.78479567e+001	5.37048698e-001	
3.79113536e+001	4.95859584e-001	
3.79747505e+001	4.59208809e-001	
3.80381474e+001	4.28590760e-001	
3.81015443e+001	4.01472939e-001	
3.81649412e+001	3.75910439e-001	
3.82283381e+001	3.53682812e-001	
3.82917350e+001	3.32998285e-001	
3.83551320e+001	3.17306146e-001	
3.84185289e+001	3.02100999e-001	
3.84819258e+001	2.89567756e-001	
3.85453227e+001	2.78096548e-001	
3.86087196e+001	2.68367197e-001	
3.86721165e+001	2.58637846e-001	
3.87355134e+001	2.50262677e-001	
3.87989103e+001	2.41900824e-001	
3.88623073e+001	2.36557087e-001	
3.89257042e+001	2.31517931e-001	
3.89891011e+001	2.26354443e-001	
3.90524980e+001	2.21164845e-001	
3.91158949e+001	2.17387714e-001	
3.91792918e+001	2.13669630e-001	
3.92426887e+001	2.10975641e-001	
3.93060856e+001	2.08803361e-001	
3.93694826e+001	2.07064531e-001	
3.94328795e+001	2.05638867e-001	
3.94962764e+001	2.04821634e-001	
3.95596733e+001	2.04616236e-001	
3.96230702e+001	2.04556571e-001	
3.96864671e+001	2.04642705e-001	
3.97498640e+001	2.05133656e-001	
3.98132609e+001	2.06429191e-001	
3.98766579e+001	2.07986151e-001	
3.99400548e+001	2.10315896e-001	
4.00034517e+001	2.12803635e-001	
4.00668486e+001	2.16058229e-001	
4.01302455e+001	2.19188263e-001	
4.01936424e+001	2.24116236e-001	
4.02570393e+001	2.29048085e-001	
4.03204362e+001	2.34532310e-001	
4.03838332e+001	2.40016535e-001	
4.04472301e+001	2.47232417e-001	
4.05106270e+001	2.54588693e-001	
4.05740239e+001	2.64492052e-001	
4.06374208e+001	2.74869587e-001	
4.07008177e+001	2.85086957e-001	
4.07642146e+001	2.96279199e-001	
4.08276115e+001	3.10659445e-001	
4.08910085e+001	3.26545646e-001	
4.09544054e+001	3.45545053e-001	
4.10178023e+001	3.66644054e-001	
4.10811992e+001	3.90320167e-001	
4.11445961e+001	4.16420553e-001	
4.12079930e+001	4.45689098e-001	
4.12713899e+001	4.84124287e-001	
4.13347868e+001	5.23273240e-001	
4.13981837e+001	5.63739671e-001	
4.14615807e+001	6.09978633e-001	
4.15249776e+001	6.71869243e-001	
4.15883745e+001	7.32185955e-001	
4.16517714e+001	7.85683326e-001	
4.17151683e+001	8.33392207e-001	
4.17785652e+001	8.54650605e-001	
4.18419621e+001	8.75565728e-001	
4.19053590e+001	8.82279487e-001	
4.19687560e+001	8.88993246e-001	
4.20321529e+001	8.91784435e-001	
4.20955498e+001	8.94332544e-001	
4.21589467e+001	8.93710327e-001	
4.22223436e+001	8.92570836e-001	
4.22857405e+001	8.92875244e-001	
4.23491374e+001	8.93735650e-001	
4.24125343e+001	8.94171970e-001	
4.24759313e+001	8.94422889e-001	
4.25393282e+001	8.94585354e-001	
4.26027251e+001	8.94692174e-001	
4.26661220e+001	8.94798779e-001	
4.27295189e+001	8.94905200e-001	
4.27929158e+001	8.95066468e-001	
4.28563127e+001	8.95308526e-001	
4.29197096e+001	8.95589906e-001	
4.29831066e+001	8.95938776e-001	
4.30465035e+001	8.96175153e-001	
4.31099004e+001	8.96130838e-001	
4.31732973e+001	8.96086522e-001	
4.32366942e+001	8.96042207e-001	
4.33000911e+001	8.96058820e-001	
4.33634880e+001	8.96618320e-001	
4.34268849e+001	8.97171989e-001	
4.34902819e+001	8.97586521e-001	
4.35536788e+001	8.98001053e-001	
4.36170757e+001	8.98180872e-001	
4.36804726e+001	8.98350485e-001	
4.37438695e+001	8.98305833e-001	
4.38072664e+001	8.98230970e-001	
4.38706633e+001	8.98459567e-001	
4.39340602e+001	8.98770293e-001	
4.39974572e+001	8.99123995e-001	
4.40608541e+001	8.99495029e-001	
4.41242510e+001	8.99689763e-001	
4.41876479e+001	8.99781203e-001	
4.42510448e+001	8.99779467e-001	
4.43144417e+001	8.99701084e-001	
4.43778386e+001	8.99774920e-001	
4.44412355e+001	9.00025370e-001	
4.45046325e+001	9.00329442e-001	
4.45680294e+001	9.00719250e-001	
4.46314263e+001	9.00931749e-001	
4.46948232e+001	9.00735938e-001	
4.47582201e+001	9.00623261e-001	
4.48216170e+001	9.00803954e-001	
4.48850139e+001	9.00987849e-001	
4.49484108e+001	9.01230239e-001	
4.50118078e+001	9.01482518e-001	
4.50752047e+001	9.01898425e-001	
4.51386016e+001	9.02314333e-001	
4.52019985e+001	9.02251188e-001	
4.52653954e+001	9.02175759e-001	
4.53287923e+001	9.02160207e-001	
4.53921892e+001	9.02151829e-001	
4.54555861e+001	9.02276274e-001	
4.55189831e+001	9.02417419e-001	
4.55823800e+001	9.02558565e-001	
4.56457769e+001	9.02699710e-001	
4.57091738e+001	9.02808252e-001	
4.57725707e+001	9.02899023e-001	
4.58359676e+001	9.02979814e-001	
4.58993645e+001	9.03052933e-001	
4.59627614e+001	9.03269698e-001	
4.60261583e+001	9.03637027e-001	
4.60895553e+001	9.03673924e-001	
4.61529522e+001	9.03218030e-001	
4.62163491e+001	9.02935877e-001	
4.62797460e+001	9.03023865e-001	
4.63431429e+001	9.03111852e-001	
4.64065398e+001	9.03199840e-001	
4.64699367e+001	9.03303365e-001	
4.65333336e+001	9.03508818e-001	
4.65967306e+001	9.03708690e-001	
4.66601275e+001	9.03838253e-001	
4.67235244e+001	9.03967815e-001	
4.67869213e+001	9.03865270e-001	
4.68503182e+001	9.03760771e-001	
4.69137151e+001	9.03656272e-001	
4.69771120e+001	9.03551773e-001	
4.70405089e+001	9.03619276e-001	
4.71039059e+001	9.03727033e-001	
4.71673028e+001	9.03834790e-001	
4.72306997e+001	9.03942547e-001	
4.72940966e+001	9.03972106e-001	
4.73574935e+001	9.03962075e-001	
4.74208904e+001	9.03952044e-001	
4.74842873e+001	9.03942013e-001	
4.75476842e+001	9.03940193e-001	
4.76110812e+001	9.03946438e-001	
4.76744781e+001	9.03952682e-001	
4.77378750e+001	9.03958926e-001	
4.78012719e+001	9.03926462e-001	
4.78646688e+001	9.03817539e-001	
4.79280657e+001	9.03708616e-001	
4.79914626e+001	9.03599693e-001	
4.80548595e+001	9.03530625e-001	
4.81182565e+001	9.03632177e-001	
4.81816534e+001	9.03733730e-001	
4.82450503e+001	9.03835282e-001	
4.83084472e+001	9.03934861e-001	
4.83718441e+001	9.03799928e-001	
4.84352410e+001	9.03664995e-001	
4.84986379e+001	9.03452734e-001	
4.85620348e+001	9.03234335e-001	
4.86254318e+001	9.03165646e-001	
4.86888287e+001	9.03117865e-001	
4.87522256e+001	9.03070085e-001	
4.88156225e+001	9.03022304e-001	
4.88790194e+001	9.03046519e-001	
4.89424163e+001	9.03104523e-001	
4.90058132e+001	9.02878891e-001	
4.90692101e+001	9.02463087e-001	
4.91326071e+001	9.02352197e-001	
4.91960040e+001	9.02504465e-001	
4.92594009e+001	9.02656733e-001	
4.93227978e+001	9.02809000e-001	
4.93861947e+001	9.02836047e-001	
4.94495916e+001	9.02633370e-001	
4.95129885e+001	9.02425524e-001	
4.95763854e+001	9.02203792e-001	
4.96397824e+001	9.02036241e-001	
4.97031793e+001	9.02083780e-001	
4.97665762e+001	9.02116673e-001	
4.98299731e+001	9.02027188e-001	
4.98933700e+001	9.01935337e-001	
4.99567669e+001	9.01751307e-001	
5.00201638e+001	9.01567276e-001	
5.00835607e+001	9.01376374e-001	
5.01469577e+001	9.01185053e-001	
5.02103546e+001	9.01109257e-001	
5.02737515e+001	9.01036326e-001	
5.03371484e+001	9.00963395e-001	
5.04005453e+001	9.00890464e-001	
5.04639422e+001	9.00645060e-001	
5.05273391e+001	9.00324750e-001	
5.05907360e+001	8.99881195e-001	
5.06541329e+001	8.99360586e-001	
5.07175299e+001	8.99157640e-001	
5.07809268e+001	8.99213753e-001	
5.08443237e+001	8.99269866e-001	
5.09077206e+001	8.99325979e-001	
5.09711175e+001	8.99265492e-001	
5.10345144e+001	8.99006003e-001	
5.10979113e+001	8.98670391e-001	
5.11613082e+001	8.98146148e-001	
5.12247052e+001	8.97768424e-001	
5.12881021e+001	8.97882531e-001	
5.13514990e+001	8.97976177e-001	
5.14148959e+001	8.97924711e-001	
5.14782928e+001	8.97857960e-001	
5.15416897e+001	8.97439704e-001	
5.16050866e+001	8.97021448e-001	
5.16684835e+001	8.96775611e-001	
5.17318805e+001	8.96537019e-001	
5.17952774e+001	8.96440149e-001	
5.18586743e+001	8.96351408e-001	
5.19220712e+001	8.96188861e-001	
5.19854681e+001	8.96007371e-001	
5.20488650e+001	8.95568117e-001	
5.21122619e+001	8.95025553e-001	
5.21756588e+001	8.94978443e-001	
5.22390558e+001	8.95219917e-001	
5.23024527e+001	8.95241394e-001	
5.23658496e+001	8.95050120e-001	
5.24292465e+001	8.94858846e-001	
5.24926434e+001	8.94667572e-001	
5.25560403e+001	8.94353445e-001	
5.26194372e+001	8.93843993e-001	
5.26828341e+001	8.93395704e-001	
5.27462311e+001	8.93087405e-001	
5.28096280e+001	8.92992808e-001	
5.28730249e+001	8.93160275e-001	
5.29364218e+001	8.92703828e-001	
5.29998187e+001	8.88423884e-001	
5.30632156e+001	8.84169505e-001	
5.31266125e+001	8.80329540e-001	
5.31900094e+001	8.76489576e-001	
5.32534064e+001	8.51045881e-001	
5.33168033e+001	8.25079853e-001	
5.33802002e+001	7.79581653e-001	
5.34435971e+001	7.29095928e-001	
5.35069940e+001	6.78610203e-001	
5.35703909e+001	6.28124478e-001	
5.36337878e+001	5.74539436e-001	
5.36971847e+001	5.19811011e-001	
5.37605817e+001	4.77033033e-001	
5.38239786e+001	4.40729127e-001	
5.38873755e+001	4.13052280e-001	
5.39507724e+001	3.88265789e-001	
5.40141693e+001	3.66424697e-001	
5.40775662e+001	3.47714733e-001	
5.41409631e+001	3.29855665e-001	
5.42043600e+001	3.13258368e-001	
5.42677570e+001	2.97930148e-001	
5.43311539e+001	2.85288428e-001	
5.43945508e+001	2.74278166e-001	
5.44579477e+001	2.65176539e-001	
5.45213446e+001	2.56222171e-001	
5.45847415e+001	2.48058907e-001	
5.46481384e+001	2.40056038e-001	
5.47115353e+001	2.34031313e-001	
5.47749323e+001	2.28006588e-001	
5.48383292e+001	2.24277465e-001	
5.49017261e+001	2.20564403e-001	
5.49651230e+001	2.17223171e-001	
5.50285199e+001	2.13639671e-001	
5.50919168e+001	2.11049990e-001	
5.51553137e+001	2.08665060e-001	
5.52187106e+001	2.07133399e-001	
5.52821075e+001	2.05890386e-001	
5.53455045e+001	2.05208554e-001	
5.54089014e+001	2.04809074e-001	
5.54722983e+001	2.05130039e-001	
5.55356952e+001	2.06025573e-001	
5.55990921e+001	2.07084733e-001	
5.56624890e+001	2.08306613e-001	
5.57258859e+001	2.09927424e-001	
5.57892828e+001	2.12100381e-001	
5.58526798e+001	2.14759528e-001	
5.59160767e+001	2.18373040e-001	
5.59794736e+001	2.22050482e-001	
5.60428705e+001	2.27191621e-001	
5.61062674e+001	2.32438085e-001	
5.61696643e+001	2.38185872e-001	
5.62330612e+001	2.44040718e-001	
5.62964581e+001	2.50956254e-001	
5.63598551e+001	2.57907330e-001	
5.64232520e+001	2.68477070e-001	
5.64866489e+001	2.79046810e-001	
5.65500458e+001	2.91297897e-001	
5.66134427e+001	3.04608872e-001	
5.66768396e+001	3.18488261e-001	
5.67402365e+001	3.32471229e-001	
5.68036334e+001	3.53024992e-001	
5.68670304e+001	3.75609672e-001	
5.69304273e+001	4.00686183e-001	
5.69938242e+001	4.26924876e-001	
5.70572211e+001	4.58715207e-001	
5.71206180e+001	4.97976181e-001	
5.71840149e+001	5.39414057e-001	
5.72474118e+001	5.82877159e-001	
5.73108087e+001	6.34598307e-001	
5.73742057e+001	6.96997093e-001	
5.74376026e+001	7.56980881e-001	
5.75009995e+001	8.12561554e-001	
5.75643964e+001	8.56869252e-001	
5.76277933e+001	8.80469157e-001	
5.76911902e+001	9.00363432e-001	
5.77545871e+001	9.04488153e-001	
5.78179840e+001	9.08200197e-001	
5.78813810e+001	9.08514381e-001	
5.79447779e+001	9.08809408e-001	
5.80081748e+001	9.08395687e-001	
5.80715717e+001	9.07981966e-001	
5.81349686e+001	9.07975467e-001	
5.81983655e+001	9.08116576e-001	
5.82617624e+001	9.07951391e-001	
5.83251593e+001	9.07737364e-001	
5.83885563e+001	9.07337581e-001	
5.84519532e+001	9.06885569e-001	
5.85153501e+001	9.06480721e-001	
5.85787470e+001	9.06096228e-001	
5.86421439e+001	9.05748924e-001	
5.87055408e+001	9.05483252e-001	
5.87689377e+001	9.05217579e-001	
5.88323346e+001	9.04951907e-001	
5.88957316e+001	9.04739343e-001	
5.89591285e+001	9.04590979e-001	
5.90225254e+001	9.04537372e-001	
5.90859223e+001	9.04644536e-001	
5.91493192e+001	9.04544385e-001	
5.92127161e+001	9.04080563e-001	
5.92761130e+001	9.03686979e-001	
5.93395099e+001	9.03562521e-001	
5.94029068e+001	9.03396129e-001	
5.94663038e+001	9.02936237e-001	
5.95297007e+001	9.02481334e-001	
5.95930976e+001	9.02137150e-001	
5.96564945e+001	9.01792966e-001	
5.97198914e+001	9.01565425e-001	
5.97832883e+001	9.01375378e-001	
5.98466852e+001	9.01185330e-001	
5.99100821e+001	9.00995283e-001	
5.99734791e+001	9.00760145e-001	
6.00368760e+001	9.00513549e-001	
6.01002729e+001	9.00214849e-001	
6.01636698e+001	8.99895409e-001	
6.02270667e+001	8.99669425e-001	
6.02904636e+001	8.99538978e-001	
6.03538605e+001	8.99384927e-001	
6.04172574e+001	8.99211674e-001	
6.04806544e+001	8.98933331e-001	
6.05440513e+001	8.98536237e-001	
6.06074482e+001	8.98142471e-001	
6.06708451e+001	8.97753963e-001	
6.07342420e+001	8.97414642e-001	
6.07976389e+001	8.97265910e-001	
6.08610358e+001	8.97107044e-001	
6.09244327e+001	8.96912996e-001	
6.09878297e+001	8.96683726e-001	
6.10512266e+001	8.96241121e-001	
6.11146235e+001	8.95800557e-001	
6.11780204e+001	8.95392118e-001	
6.12414173e+001	8.94983679e-001	
6.13048142e+001	8.94813849e-001	
6.13682111e+001	8.94672134e-001	
6.14316080e+001	8.94352603e-001	
6.14950050e+001	8.94012393e-001	
6.15584019e+001	8.93705909e-001	
6.16217988e+001	8.93407156e-001	
6.16851957e+001	8.93108403e-001	
6.17485926e+001	8.92809650e-001	
6.18119895e+001	8.92406011e-001	
6.18753864e+001	8.91987834e-001	
6.19387833e+001	8.91569658e-001	
6.20021803e+001	8.91151482e-001	
6.20655772e+001	8.90775859e-001	
6.21289741e+001	8.90445241e-001	
6.21923710e+001	8.90114623e-001	
6.22557679e+001	8.89784004e-001	
6.23191648e+001	8.89425084e-001	
6.23825617e+001	8.89103432e-001	
6.24459586e+001	8.88758110e-001	
6.25093556e+001	8.88337943e-001	
6.25727525e+001	8.87942538e-001	
6.26361494e+001	8.87678791e-001	
6.26995463e+001	8.87415044e-001	
6.27629432e+001	8.87151296e-001	
6.28263401e+001	8.86887549e-001	
6.28897370e+001	8.86424073e-001	
6.29531339e+001	8.85995388e-001	
6.30165309e+001	8.85549966e-001	
6.30799278e+001	8.85102940e-001	
6.31433247e+001	8.84811607e-001	
6.32067216e+001	8.84552042e-001	
6.32701185e+001	8.84292477e-001	
6.33335154e+001	8.84032911e-001	
6.33969123e+001	8.83652088e-001	
6.34603092e+001	8.83248944e-001	
6.35237062e+001	8.82845799e-001	
6.35871031e+001	8.82442655e-001	
6.36505000e+001	8.82029196e-001	
6.37138969e+001	8.81605556e-001	
6.37772938e+001	8.81181917e-001	
6.38406907e+001	8.80758278e-001	
6.39040876e+001	8.80337765e-001	
6.39674845e+001	8.80010316e-001	
6.40308814e+001	8.79656881e-001	
6.40942784e+001	8.79228307e-001	
6.41576753e+001	8.78803866e-001	
6.42210722e+001	8.78398916e-001	
6.42844691e+001	8.78015478e-001	
6.43478660e+001	8.77841674e-001	
6.44112629e+001	8.77648751e-001	
6.44746598e+001	8.77185006e-001	
6.45380567e+001	8.76721262e-001	
6.46014537e+001	8.76239672e-001	
6.46648506e+001	8.75756725e-001	
6.47282475e+001	8.75296701e-001	
6.47916444e+001	8.74840811e-001	
6.48550413e+001	8.74607380e-001	
6.49184382e+001	8.74442179e-001	
6.49818351e+001	8.74032875e-001	
6.50452320e+001	8.73530834e-001	
6.51086290e+001	8.73042876e-001	
6.51720259e+001	8.72564258e-001	
6.52354228e+001	8.72080764e-001	
6.52988197e+001	8.71592761e-001	
6.53622166e+001	8.71254849e-001	
6.54256135e+001	8.71109908e-001	
6.54890104e+001	8.70814770e-001	
6.55524073e+001	8.70281289e-001	
6.56158043e+001	8.69764325e-001	
6.56792012e+001	8.69291222e-001	
6.57425981e+001	8.68809420e-001	
6.58059950e+001	8.68290932e-001	
6.58693919e+001	8.67814916e-001	
6.59327888e+001	8.67683494e-001	
6.59961857e+001	8.67530567e-001	
6.60595826e+001	8.66960162e-001	
6.61229796e+001	8.66389757e-001	
6.61863765e+001	8.65874081e-001	
6.62497734e+001	8.65361542e-001	
6.63131703e+001	8.64883131e-001	
6.63765672e+001	8.64410100e-001	
6.64399641e+001	8.63979867e-001	
6.65033610e+001	8.63561574e-001	
6.65667579e+001	8.63178195e-001	
6.66301549e+001	8.62829671e-001	
6.66935518e+001	8.62481146e-001	
6.67569487e+001	8.62132622e-001	
6.68203456e+001	8.61612999e-001	
6.68837425e+001	8.60945325e-001	
6.69471394e+001	8.60400240e-001	
6.70105363e+001	8.60002503e-001	
6.70739332e+001	8.59636303e-001	
6.71373302e+001	8.59363815e-001	
6.72007271e+001	8.59022834e-001	
6.72641240e+001	8.58514392e-001	
6.73275209e+001	8.57995070e-001	
6.73909178e+001	8.57434411e-001	
6.74543147e+001	8.56897173e-001	
6.75177116e+001	8.56521836e-001	
6.75811085e+001	8.56142313e-001	
6.76445055e+001	8.55904986e-001	
6.77079024e+001	8.55667658e-001	
6.77712993e+001	8.55195192e-001	
6.78346962e+001	8.54713564e-001	
6.78980931e+001	8.54072492e-001	
6.79614900e+001	8.53409801e-001	
6.80248869e+001	8.53059881e-001	
6.80882838e+001	8.52788832e-001	
6.81516808e+001	8.52564142e-001	
6.82150777e+001	8.52364554e-001	
6.82784746e+001	8.52020389e-001	
6.83418715e+001	8.51593024e-001	
6.84052684e+001	8.51051270e-001	
6.84686653e+001	8.50416993e-001	
6.85320622e+001	8.49981146e-001	
6.85954591e+001	8.49768332e-001	
6.86588560e+001	8.49646040e-001	
6.87222530e+001	8.49444899e-001	
6.87856499e+001	8.48896182e-001	
6.88490468e+001	8.47562830e-001	
6.89124437e+001	8.45423776e-001	
6.89758406e+001	8.40509955e-001	
6.90392375e+001	8.32995059e-001	
6.91026344e+001	8.09899309e-001	
6.91660313e+001	7.87085285e-001	
6.92294283e+001	7.32213863e-001	
6.92928252e+001	6.77342442e-001	
6.93562221e+001	6.25613718e-001	
6.94196190e+001	5.73951659e-001	
6.94830159e+001	5.30073795e-001	
6.95464128e+001	4.87087536e-001	
6.96098097e+001	4.50456587e-001	
6.96732066e+001	4.15265553e-001	
6.97366036e+001	3.89617614e-001	
6.98000005e+001	3.64806046e-001	
6.98633974e+001	3.44527207e-001	
6.99267943e+001	3.26674225e-001	
6.99901912e+001	3.10663443e-001	
7.00535881e+001	2.96045594e-001	
7.01169850e+001	2.82688060e-001	
7.01803819e+001	2.70655509e-001	
7.02437789e+001	2.60506253e-001	
7.03071758e+001	2.51403993e-001	
7.03705727e+001	2.43195392e-001	
7.04339696e+001	2.36854679e-001	
7.04973665e+001	2.30667421e-001	
7.05607634e+001	2.24961768e-001	
7.06241603e+001	2.19503278e-001	
7.06875572e+001	2.15345071e-001	
7.07509542e+001	2.11490186e-001	
7.08143511e+001	2.08598901e-001	
7.08777480e+001	2.05707616e-001	
7.09411449e+001	2.04070158e-001	
7.10045418e+001	2.02437948e-001	
7.10679387e+001	2.01179276e-001	
7.11313356e+001	1.99955805e-001	
7.11947325e+001	1.99647349e-001	
7.12581295e+001	1.99523725e-001	
7.13215264e+001	2.00019993e-001	
7.13849233e+001	2.00822332e-001	
7.14483202e+001	2.02389656e-001	
7.15117171e+001	2.04337090e-001	
7.15751140e+001	2.06399520e-001	
7.16385109e+001	2.08543159e-001	
7.17019078e+001	2.11463704e-001	
7.17653048e+001	2.15148302e-001	
7.18287017e+001	2.18957841e-001	
7.18920986e+001	2.23805788e-001	
7.19554955e+001	2.29329216e-001	
7.20188924e+001	2.36162245e-001	
7.20822893e+001	2.43028045e-001	
7.21456862e+001	2.49987923e-001	
7.22090831e+001	2.57499961e-001	
7.22724801e+001	2.67590112e-001	
7.23358770e+001	2.77053164e-001	
7.23992739e+001	2.90055589e-001	
7.24626708e+001	3.03119471e-001	
7.25260677e+001	3.21037944e-001	
7.25894646e+001	3.38956418e-001	
7.26528615e+001	3.56736437e-001	
7.27162584e+001	3.74506117e-001	
7.27796554e+001	4.00380560e-001	
7.28430523e+001	4.27700804e-001	
7.29064492e+001	4.60978242e-001	
7.29698461e+001	4.99085647e-001	
7.30332430e+001	5.40912998e-001	
7.30966399e+001	5.84453218e-001	
7.31600368e+001	6.40168129e-001	
7.32234337e+001	7.03906244e-001	
7.32868306e+001	7.55450172e-001	
7.33502276e+001	7.95775696e-001	
7.34136245e+001	8.32361644e-001	
7.34770214e+001	8.69682855e-001	
7.35404183e+001	8.95375360e-001	
7.36038152e+001	9.00117912e-001	
7.36672121e+001	9.03138950e-001	
7.37306090e+001	9.01621555e-001	
7.37940059e+001	9.00482985e-001	
7.38574029e+001	9.00927104e-001	
7.39207998e+001	9.01121410e-001	
7.39841967e+001	9.00688130e-001	
7.40475936e+001	9.00254850e-001	
7.41109905e+001	8.99821570e-001	
7.41743874e+001	8.99388290e-001	
7.42377843e+001	8.99074978e-001	
7.43011812e+001	8.98768344e-001	
7.43645782e+001	8.98408540e-001	
7.44279751e+001	8.98040456e-001	
7.44913720e+001	8.97641486e-001	
7.45547689e+001	8.97291835e-001	
7.46181658e+001	8.96946126e-001	
7.46815627e+001	8.96602099e-001	
7.47449596e+001	8.96265103e-001	
7.48083565e+001	8.95932428e-001	
7.48717535e+001	8.95571761e-001	
7.49351504e+001	8.95187015e-001	
7.49985473e+001	8.94947853e-001	
7.50619442e+001	8.94977157e-001	
7.51253411e+001	8.94952876e-001	
7.51887380e+001	8.94838764e-001	
7.52521349e+001	8.94597034e-001	
7.53155318e+001	8.94045380e-001	
7.53789288e+001	8.93578430e-001	
7.54423257e+001	8.93430656e-001	
7.55057226e+001	8.93214457e-001	
7.55691195e+001	8.92808742e-001	
7.56325164e+001	8.92420749e-001	
7.56959133e+001	8.92401698e-001	
7.57593102e+001	8.92382647e-001	
7.58227071e+001	8.92231537e-001	
7.58861041e+001	8.92075480e-001	
7.59495010e+001	8.91894992e-001	
7.60128979e+001	8.91711239e-001	
7.60762948e+001	8.91443486e-001	
7.61396917e+001	8.91196090e-001	
7.62030886e+001	8.90987671e-001	
7.62664855e+001	8.90794555e-001	
7.63298824e+001	8.90599736e-001	
7.63932794e+001	8.90403955e-001	
7.64566763e+001	8.90208175e-001	
7.65200732e+001	8.90012394e-001	
7.65834701e+001	8.89791466e-001	
7.66468670e+001	8.89608589e-001	
7.67102639e+001	8.89514780e-001	
7.67736608e+001	8.89560132e-001	
7.68370577e+001	8.89356821e-001	
7.69004547e+001	8.88595715e-001	
7.69638516e+001	8.88083836e-001	
7.70272485e+001	8.88423604e-001	
7.70906454e+001	8.88608086e-001	
7.71540423e+001	8.88020077e-001	
7.72174392e+001	8.87486168e-001	
7.72808361e+001	8.87763827e-001	
7.73442330e+001	8.88041486e-001	
7.74076300e+001	8.87576582e-001	
7.74710269e+001	8.87096963e-001	
7.75344238e+001	8.86911456e-001	
7.75978207e+001	8.86759128e-001	
7.76612176e+001	8.86669251e-001	
7.77246145e+001	8.86608173e-001	
7.77880114e+001	8.86426000e-001	
7.78514083e+001	8.86200109e-001	
7.79148052e+001	8.85959141e-001	
7.79782022e+001	8.85710166e-001	
7.80415991e+001	8.85526213e-001	
7.81049960e+001	8.85391141e-001	
7.81683929e+001	8.85288541e-001	
7.82317898e+001	8.85243255e-001	
7.82951867e+001	8.85124485e-001	
7.83585836e+001	8.84898632e-001	
7.84219805e+001	8.84665096e-001	
7.84853775e+001	8.84415625e-001	
7.85487744e+001	8.84196728e-001	
7.86121713e+001	8.84073033e-001	
7.86755682e+001	8.83921590e-001	
7.87389651e+001	8.83689303e-001	
7.88023620e+001	8.83473260e-001	
7.88657589e+001	8.83446191e-001	
7.89291558e+001	8.83419121e-001	
7.89925528e+001	8.83127930e-001	
7.90559497e+001	8.82836019e-001	
7.91193466e+001	8.82771015e-001	
7.91827435e+001	8.82726996e-001	
7.92461404e+001	8.82671323e-001	
7.93095373e+001	8.82628118e-001	
7.93729342e+001	8.82428433e-001	
7.94363311e+001	8.82176980e-001	
7.94997281e+001	8.82027628e-001	
7.95631250e+001	8.81928695e-001	
7.96265219e+001	8.81835524e-001	
7.96899188e+001	8.81746381e-001	
7.97533157e+001	8.81673123e-001	
7.98167126e+001	8.81633807e-001	
7.98801095e+001	8.81455656e-001	
7.99435064e+001	8.81088607e-001	
8.00069034e+001	8.80827309e-001	
8.00703003e+001	8.80769780e-001	
8.01336972e+001	8.80715406e-001	
8.01970941e+001	8.80670001e-001	
8.02604910e+001	8.80615142e-001	
8.03238879e+001	8.80560137e-001	
8.03872848e+001	8.80478260e-001	
8.04506817e+001	8.80142928e-001	
8.05140787e+001	8.79811167e-001	
8.05774756e+001	8.79733040e-001	
8.06408725e+001	8.79654913e-001	
8.07042694e+001	8.79658962e-001	
8.07676663e+001	8.79669006e-001	
8.08310632e+001	8.79539187e-001	
8.08944601e+001	8.79389361e-001	
8.09578570e+001	8.79157602e-001	
8.10212540e+001	8.78901111e-001	
8.10846509e+001	8.78730705e-001	
8.11480478e+001	8.78599684e-001	
8.12114447e+001	8.78549658e-001	
8.12748416e+001	8.78552687e-001	
8.13382385e+001	8.78563134e-001	
8.14016354e+001	8.78595521e-001	
8.14650323e+001	8.78492499e-001	
8.15284293e+001	8.78217350e-001	
8.15918262e+001	8.77948677e-001	
8.16552231e+001	8.77691603e-001	
8.17186200e+001	8.77514956e-001	
8.17820169e+001	8.77548846e-001	
8.18454138e+001	8.77575816e-001	
8.19088107e+001	8.77606444e-001	
8.19722076e+001	8.77601493e-001	
8.20356046e+001	8.77315945e-001	
8.20990015e+001	8.77031859e-001	
8.21623984e+001	8.76794218e-001	
8.22257953e+001	8.76556577e-001	
8.22891922e+001	8.76592348e-001	
8.23525891e+001	8.76642922e-001	
8.24159860e+001	8.76653178e-001	
8.24793829e+001	8.76663775e-001	
8.25427798e+001	8.76426487e-001	
8.26061768e+001	8.76121206e-001	
8.26695737e+001	8.75875292e-001	
8.27329706e+001	8.75654488e-001	
8.27963675e+001	8.75610699e-001	
8.28597644e+001	8.75675009e-001	
8.29231613e+001	8.75689111e-001	
8.29865582e+001	8.75672591e-001	
8.30499551e+001	8.75512888e-001	
8.31133521e+001	8.75183037e-001	
8.31767490e+001	8.74899389e-001	
8.32401459e+001	8.74692745e-001	
8.33035428e+001	8.74566861e-001	
8.33669397e+001	8.74635756e-001	
8.34303366e+001	8.74635802e-001	
8.34937335e+001	8.74547985e-001	
8.35571304e+001	8.74406875e-001	
8.36205274e+001	8.73906377e-001	
8.36839243e+001	8.73391440e-001	
8.37473212e+001	8.72584190e-001	
8.38107181e+001	8.71776941e-001	
8.38741150e+001	8.69344334e-001	
8.39375119e+001	8.66853126e-001	
8.40009088e+001	8.56610984e-001	
8.40643057e+001	8.46208087e-001	
8.41277027e+001	8.17693988e-001	
8.41910996e+001	7.84690617e-001	
8.42544965e+001	7.30980271e-001	
8.43178934e+001	6.69196346e-001	
8.43812903e+001	6.10284742e-001	
8.44446872e+001	5.53007033e-001	
8.45080841e+001	5.02944733e-001	
8.45714810e+001	4.64282555e-001	
8.46348780e+001	4.29489756e-001	
8.46982749e+001	3.98997538e-001	
8.47616718e+001	3.71138814e-001	
8.48250687e+001	3.47370156e-001	
8.48884656e+001	3.23853251e-001	
8.49518625e+001	3.00897364e-001	
8.50152594e+001	2.76564587e-001	
8.50786563e+001	2.49741782e-001	
8.51420533e+001	2.23347729e-001	
8.52054502e+001	1.99464207e-001	
8.52688471e+001	1.76138106e-001	
8.53322440e+001	1.60978341e-001	
8.53956409e+001	1.45818576e-001	
8.54590378e+001	1.34591854e-001	
8.55224347e+001	1.23437444e-001	
8.55858316e+001	1.14849517e-001	
8.56492286e+001	1.06841779e-001	
8.57126255e+001	1.00020873e-001	
8.57760224e+001	9.34639330e-002	
8.58394193e+001	8.78431335e-002	
8.59028162e+001	8.25579198e-002	
8.59662131e+001	7.84211190e-002	
8.60296100e+001	7.48914450e-002	
8.60930069e+001	7.10278396e-002	
8.61564039e+001	6.78669874e-002	
8.62198008e+001	6.49169869e-002	
8.62831977e+001	6.21862054e-002	
8.63465946e+001	5.96229933e-002	
8.64099915e+001	5.73025809e-002	
8.64733884e+001	5.51496098e-002	
8.65367853e+001	5.33422100e-002	
8.66001822e+001	5.09253011e-002	
8.66635792e+001	4.93699901e-002	
8.67269761e+001	4.78463143e-002	
8.67903730e+001	4.64856872e-002	
8.68537699e+001	4.51363362e-002	
8.69171668e+001	4.39156727e-002	
8.69805637e+001	4.26950093e-002	
8.70439606e+001	4.17367544e-002	
8.71073575e+001	4.07788642e-002	
8.71707544e+001	3.92341636e-002	
8.72341514e+001	3.84454830e-002	
8.72975483e+001	3.77291028e-002	
8.73609452e+001	3.70270385e-002	
8.74243421e+001	3.64299805e-002	
8.74877390e+001	3.58674067e-002	
8.75511359e+001	3.54163298e-002	
8.76145328e+001	3.50199615e-002	
8.76779297e+001	3.39250588e-002	
8.77413267e+001	3.37090660e-002	
8.78047236e+001	3.34985273e-002	
8.78681205e+001	3.32932915e-002	
8.79315174e+001	3.32014280e-002	
8.79949143e+001	3.32629483e-002	
8.80583112e+001	3.33813971e-002	
8.81217081e+001	3.36088598e-002	
8.81851050e+001	3.30414181e-002	
8.82485020e+001	3.36207681e-002	
8.83118989e+001	3.41981106e-002	
8.83752958e+001	3.47662468e-002	
8.84386927e+001	3.54093846e-002	
8.85020896e+001	3.67489687e-002	
8.85654865e+001	3.80957781e-002	
8.86288834e+001	3.99084324e-002	
8.86922803e+001	4.17210868e-002	
8.87556773e+001	4.35332961e-002	
8.88190742e+001	4.64204482e-002	
8.88824711e+001	4.99212613e-002	
8.89458680e+001	5.35292052e-002	
8.90092649e+001	5.80632322e-002	
8.90726618e+001	6.28747822e-002	
8.91360587e+001	6.67130554e-002	
8.91994556e+001	7.01089746e-002	
8.92628526e+001	7.00721779e-002	
8.93262495e+001	6.89333979e-002	
8.93896464e+001	6.69735806e-002	
8.94530433e+001	6.42667476e-002	
8.95164402e+001	6.14814083e-002	
8.95798371e+001	5.85967722e-002	
8.96432340e+001	5.59534894e-002	
8.97066309e+001	5.37397657e-002	
8.97700279e+001	5.14050690e-002	
8.98334248e+001	4.94203809e-002	
8.98968217e+001	4.74802715e-002	
8.99602186e+001	4.57232036e-002	
9.00236155e+001	4.39820537e-002	
9.00870124e+001	4.23647035e-002	
9.01504093e+001	4.07555576e-002	
9.02138062e+001	3.93949461e-002	
9.02772032e+001	3.80343346e-002	
9.03406001e+001	3.68290803e-002	
9.04039970e+001	3.57338166e-002	
9.04673939e+001	3.46439640e-002	
9.05307908e+001	3.35549344e-002	
9.05941877e+001	3.25476459e-002	
9.06575846e+001	3.15625962e-002	
9.07209815e+001	3.06475132e-002	
9.07843785e+001	2.97618217e-002	
9.08477754e+001	2.88581304e-002	
9.09111723e+001	2.80430702e-002	
9.09745692e+001	2.72024460e-002	
9.10379661e+001	2.63400664e-002	
9.11013630e+001	2.55781845e-002	
9.11647599e+001	2.49350721e-002	
9.12281568e+001	2.42919598e-002	
9.12915538e+001	2.36488474e-002	
9.13549507e+001	2.29695890e-002	
9.14183476e+001	2.23682239e-002	
9.14817445e+001	2.17668589e-002	
9.15451414e+001	2.11654938e-002	
9.16085383e+001	2.05619098e-002	
9.16719352e+001	1.99435406e-002	
9.17353321e+001	1.93305044e-002	
9.17987290e+001	1.88218363e-002	
9.18621260e+001	1.83131682e-002	
9.19255229e+001	1.77808194e-002	
9.19889198e+001	1.72866884e-002	
9.20523167e+001	1.67133924e-002	
9.21157136e+001	1.61297811e-002	
9.21791105e+001	1.57040981e-002	
9.22425074e+001	1.53172133e-002	
9.23059043e+001	1.49303285e-002	
9.23693013e+001	1.45434437e-002	
9.24326982e+001	1.40410762e-002	
9.24960951e+001	1.35265181e-002	
9.25594920e+001	1.30737999e-002	
9.26228889e+001	1.26702759e-002	
9.26862858e+001	1.22692592e-002	
9.27496827e+001	1.18710139e-002	
9.28130796e+001	1.14840103e-002	
9.28764766e+001	1.11143646e-002	
9.29398735e+001	1.07074883e-002	
9.30032704e+001	1.03122734e-002	
9.30666673e+001	9.92646401e-003	
9.31300642e+001	9.57229217e-003	
9.31934611e+001	9.21757052e-003	
9.32568580e+001	8.85966151e-003	
9.33202549e+001	8.49828598e-003	
9.33836519e+001	8.08726906e-003	
9.34470488e+001	7.67625214e-003	
9.35104457e+001	7.37892740e-003	
9.35738426e+001	7.10895050e-003	
9.36372395e+001	6.83897361e-003	
9.37006364e+001	6.56899672e-003	
9.37640333e+001	6.22034095e-003	
9.38274302e+001	5.85435052e-003	
9.38908272e+001	5.52353899e-003	
9.39542241e+001	5.20524726e-003	
9.40176210e+001	4.86796661e-003	
9.40810179e+001	4.55662048e-003	
9.41444148e+001	4.22168347e-003	
9.42078117e+001	3.86920867e-003	
9.42712086e+001	3.56851506e-003	
9.43346055e+001	3.32135782e-003	
9.43980025e+001	3.07420059e-003	
9.44613994e+001	2.82704335e-003	
9.45247963e+001	2.53184483e-003	
9.45881932e+001	2.20491924e-003	
9.46515901e+001	1.87578911e-003	
9.47149870e+001	1.53989488e-003	
9.47783839e+001	1.21547698e-003	
9.48417808e+001	9.49606990e-004	
9.49051778e+001	6.83737005e-004	
9.49685747e+001	4.17867020e-004	
9.50319716e+001	1.51997695e-004	
