% Column 0: Length, mm
% Column 1: B.n, Tesla
0.00000000e+000	4.22570681e-002	
6.33969123e-002	4.23208410e-002	
1.26793825e-001	4.23846140e-002	
1.90190737e-001	4.24483870e-002	
2.53587649e-001	4.25121601e-002	
3.16984562e-001	4.25893311e-002	
3.80381474e-001	4.26691285e-002	
4.43778386e-001	4.27489258e-002	
5.07175299e-001	4.28287231e-002	
5.70572211e-001	4.29224876e-002	
6.33969123e-001	4.30130701e-002	
6.97366036e-001	4.31036526e-002	
7.60762948e-001	4.31942351e-002	
8.24159860e-001	4.33033694e-002	
8.87556773e-001	4.34304480e-002	
9.50953685e-001	4.35657834e-002	
1.01435060e+000	4.37122264e-002	
1.07774751e+000	4.38604165e-002	
1.14114442e+000	4.39829951e-002	
1.20454133e+000	4.41055738e-002	
1.26793825e+000	4.42281524e-002	
1.33133516e+000	4.43602535e-002	
1.39473207e+000	4.45355720e-002	
1.45812898e+000	4.47129699e-002	
1.52152590e+000	4.49093751e-002	
1.58492281e+000	4.51184094e-002	
1.64831972e+000	4.52753432e-002	
1.71171663e+000	4.54322770e-002	
1.77511355e+000	4.55892107e-002	
1.83851046e+000	4.57461445e-002	
1.90190737e+000	4.59642121e-002	
1.96530428e+000	4.61928328e-002	
2.02870119e+000	4.64435771e-002	
2.09209811e+000	4.67008999e-002	
2.15549502e+000	4.69486785e-002	
2.21889193e+000	4.71658821e-002	
2.28228884e+000	4.73830858e-002	
2.34568576e+000	4.76002894e-002	
2.40908267e+000	4.78623127e-002	
2.47247958e+000	4.81648872e-002	
2.53587649e+000	4.84602319e-002	
2.59927341e+000	4.87464886e-002	
2.66267032e+000	4.90664383e-002	
2.72606723e+000	4.93841874e-002	
2.78946414e+000	4.97072025e-002	
2.85286105e+000	5.00438152e-002	
2.91625797e+000	5.03777612e-002	
2.97965488e+000	5.07008518e-002	
3.04305179e+000	5.10353321e-002	
3.10644870e+000	5.14572235e-002	
3.16984562e+000	5.19091648e-002	
3.23324253e+000	5.23114901e-002	
3.29663944e+000	5.27138154e-002	
3.36003635e+000	5.31161406e-002	
3.42343327e+000	5.35184659e-002	
3.48683018e+000	5.41024447e-002	
3.55022709e+000	5.47137013e-002	
3.61362400e+000	5.52176129e-002	
3.67702091e+000	5.56925588e-002	
3.74041783e+000	5.63368014e-002	
3.80381474e+000	5.69883566e-002	
3.86721165e+000	5.76515692e-002	
3.93060856e+000	5.83218186e-002	
3.99400548e+000	5.90296025e-002	
4.05740239e+000	5.97691475e-002	
4.12079930e+000	6.04792530e-002	
4.18419621e+000	6.11547621e-002	
4.24759313e+000	6.20088558e-002	
4.31099004e+000	6.29797286e-002	
4.37438695e+000	6.39693058e-002	
4.43778386e+000	6.50034091e-002	
4.50118078e+000	6.60514254e-002	
4.56457769e+000	6.71505820e-002	
4.62797460e+000	6.82804955e-002	
4.69137151e+000	6.96127687e-002	
4.75476842e+000	7.10528904e-002	
4.81816534e+000	7.25331237e-002	
4.88156225e+000	7.40133570e-002	
4.94495916e+000	7.59570492e-002	
5.00835607e+000	7.79160388e-002	
5.07175299e+000	7.96974394e-002	
5.13514990e+000	8.14560290e-002	
5.19854681e+000	8.32146186e-002	
5.26194372e+000	8.49732083e-002	
5.32534064e+000	8.80313452e-002	
5.38873755e+000	9.12903074e-002	
5.45213446e+000	9.44800840e-002	
5.51553137e+000	9.76310235e-002	
5.57892828e+000	1.00791944e-001	
5.64232520e+000	1.03960805e-001	
5.70572211e+000	1.06102158e-001	
5.76911902e+000	1.07114208e-001	
5.83251593e+000	1.06265446e-001	
5.89591285e+000	1.00189161e-001	
5.95930976e+000	9.41128761e-002	
6.02270667e+000	8.80365915e-002	
6.08610358e+000	8.17026126e-002	
6.14950050e+000	7.45082861e-002	
6.21289741e+000	6.77896835e-002	
6.27629432e+000	6.37963324e-002	
6.33969123e+000	6.11870217e-002	
6.40308814e+000	5.84948973e-002	
6.46648506e+000	5.58027729e-002	
6.52988197e+000	5.32714702e-002	
6.59327888e+000	5.07426583e-002	
6.65667579e+000	4.90867911e-002	
6.72007271e+000	4.75249338e-002	
6.78346962e+000	4.63586566e-002	
6.84686653e+000	4.52787238e-002	
6.91026344e+000	4.56464714e-002	
6.97366036e+000	4.50371912e-002	
7.03705727e+000	4.43215047e-002	
7.10045418e+000	4.35502589e-002	
7.16385109e+000	4.30498506e-002	
7.22724801e+000	4.27496251e-002	
7.29064492e+000	4.24893468e-002	
7.35404183e+000	4.22701433e-002	
7.41743874e+000	4.30430664e-002	
7.48083565e+000	4.29140721e-002	
7.54423257e+000	4.28480748e-002	
7.60762948e+000	4.29104673e-002	
7.67102639e+000	4.30081606e-002	
7.73442330e+000	4.32133498e-002	
7.79782022e+000	4.34185390e-002	
7.86121713e+000	4.36237282e-002	
7.92461404e+000	4.46933064e-002	
7.98801095e+000	4.51145594e-002	
8.05140787e+000	4.55362369e-002	
8.11480478e+000	4.62634362e-002	
8.17820169e+000	4.69906354e-002	
8.24159860e+000	4.75849765e-002	
8.30499551e+000	4.81676780e-002	
8.36839243e+000	4.90689249e-002	
8.43178934e+000	5.00319779e-002	
8.49518625e+000	5.19785596e-002	
8.55858316e+000	5.32614744e-002	
8.62198008e+000	5.43312790e-002	
8.68537699e+000	5.52978152e-002	
8.74877390e+000	5.68599865e-002	
8.81217081e+000	5.88332325e-002	
8.87556773e+000	6.07165455e-002	
8.93896464e+000	6.25133492e-002	
9.00236155e+000	6.53294370e-002	
9.06575846e+000	6.80895048e-002	
9.12915538e+000	7.12120292e-002	
9.19255229e+000	7.50201695e-002	
9.25594920e+000	7.88753395e-002	
9.31934611e+000	8.28616882e-002	
9.38274302e+000	8.72246839e-002	
9.44613994e+000	9.32811504e-002	
9.50953685e+000	9.99785246e-002	
9.57293376e+000	1.08999785e-001	
9.63633067e+000	1.18058844e-001	
9.69972759e+000	1.29174257e-001	
9.76312450e+000	1.40289671e-001	
9.82652141e+000	1.58453243e-001	
9.88991832e+000	1.77097910e-001	
9.95331524e+000	1.92789017e-001	
1.00167121e+001	2.07975917e-001	
1.00801091e+001	2.27781299e-001	
1.01435060e+001	2.48227683e-001	
1.02069029e+001	2.70635616e-001	
1.02702998e+001	2.93923768e-001	
1.03336967e+001	3.17882621e-001	
1.03970936e+001	3.42273441e-001	
1.04604905e+001	3.66664261e-001	
1.05238874e+001	3.91055081e-001	
1.05872844e+001	4.28933567e-001	
1.06506813e+001	4.78558034e-001	
1.07140782e+001	5.28790473e-001	
1.07774751e+001	5.80090503e-001	
1.08408720e+001	6.20921272e-001	
1.09042689e+001	6.34904352e-001	
1.09676658e+001	6.48887432e-001	
1.10310627e+001	6.62870512e-001	
1.10944597e+001	6.76526152e-001	
1.11578566e+001	6.82210070e-001	
1.12212535e+001	6.87671741e-001	
1.12846504e+001	6.86959549e-001	
1.13480473e+001	6.86247358e-001	
1.14114442e+001	6.86560429e-001	
1.14748411e+001	6.86924349e-001	
1.15382380e+001	6.87127171e-001	
1.16016350e+001	6.87306117e-001	
1.16650319e+001	6.87362731e-001	
1.17284288e+001	6.87357021e-001	
1.17918257e+001	6.87420205e-001	
1.18552226e+001	6.87511962e-001	
1.19186195e+001	6.87594793e-001	
1.19820164e+001	6.87672260e-001	
1.20454133e+001	6.87757014e-001	
1.21088103e+001	6.87847904e-001	
1.21722072e+001	6.87864713e-001	
1.22356041e+001	6.87771028e-001	
1.22990010e+001	6.87884058e-001	
1.23623979e+001	6.88335566e-001	
1.24257948e+001	6.88642626e-001	
1.24891917e+001	6.88608150e-001	
1.25525886e+001	6.88588999e-001	
1.26159856e+001	6.88625693e-001	
1.26793825e+001	6.88665214e-001	
1.27427794e+001	6.88700885e-001	
1.28061763e+001	6.88740228e-001	
1.28695732e+001	6.88847357e-001	
1.29329701e+001	6.88954486e-001	
1.29963670e+001	6.88984814e-001	
1.30597639e+001	6.89012723e-001	
1.31231609e+001	6.89040632e-001	
1.31865578e+001	6.89068540e-001	
1.32499547e+001	6.89179021e-001	
1.33133516e+001	6.89307231e-001	
1.33767485e+001	6.89554285e-001	
1.34401454e+001	6.89846736e-001	
1.35035423e+001	6.89943163e-001	
1.35669392e+001	6.89930121e-001	
1.36303362e+001	6.89917079e-001	
1.36937331e+001	6.89904037e-001	
1.37571300e+001	6.89929307e-001	
1.38205269e+001	6.89991329e-001	
1.38839238e+001	6.90088772e-001	
1.39473207e+001	6.90240284e-001	
1.40107176e+001	6.90390526e-001	
1.40741145e+001	6.90538001e-001	
1.41375114e+001	6.90643915e-001	
1.42009084e+001	6.90612178e-001	
1.42643053e+001	6.90593705e-001	
1.43277022e+001	6.90601542e-001	
1.43910991e+001	6.90619704e-001	
1.44544960e+001	6.90779348e-001	
1.45178929e+001	6.90938992e-001	
1.45812898e+001	6.91107604e-001	
1.46446867e+001	6.91276340e-001	
1.47080837e+001	6.91274176e-001	
1.47714806e+001	6.91253891e-001	
1.48348775e+001	6.91281916e-001	
1.48982744e+001	6.91309806e-001	
1.49616713e+001	6.91441725e-001	
1.50250682e+001	6.91610151e-001	
1.50884651e+001	6.91768635e-001	
1.51518620e+001	6.91921954e-001	
1.52152590e+001	6.91980453e-001	
1.52786559e+001	6.91969255e-001	
1.53420528e+001	6.91911181e-001	
1.54054497e+001	6.91788546e-001	
1.54688466e+001	6.91842177e-001	
1.55322435e+001	6.92146877e-001	
1.55956404e+001	6.92390607e-001	
1.56590373e+001	6.92510835e-001	
1.57224343e+001	6.92610526e-001	
1.57858312e+001	6.92648124e-001	
1.58492281e+001	6.92691041e-001	
1.59126250e+001	6.92725805e-001	
1.59760219e+001	6.92769818e-001	
1.60394188e+001	6.92913772e-001	
1.61028157e+001	6.93057998e-001	
1.61662126e+001	6.93298137e-001	
1.62296096e+001	6.93538276e-001	
1.62930065e+001	6.93547577e-001	
1.63564034e+001	6.93537030e-001	
1.64198003e+001	6.93398769e-001	
1.64831972e+001	6.93222684e-001	
1.65465941e+001	6.93405012e-001	
1.66099910e+001	6.93702428e-001	
1.66733879e+001	6.93933027e-001	
1.67367849e+001	6.94131450e-001	
1.68001818e+001	6.94239819e-001	
1.68635787e+001	6.94286392e-001	
1.69269756e+001	6.94236508e-001	
1.69903725e+001	6.94072618e-001	
1.70537694e+001	6.94108688e-001	
1.71171663e+001	6.94410728e-001	
1.71805632e+001	6.94671269e-001	
1.72439602e+001	6.94853780e-001	
1.73073571e+001	6.95010999e-001	
1.73707540e+001	6.95098159e-001	
1.74341509e+001	6.95172653e-001	
1.74975478e+001	6.95134304e-001	
1.75609447e+001	6.95110571e-001	
1.76243416e+001	6.95216407e-001	
1.76877385e+001	6.95322076e-001	
1.77511355e+001	6.95418899e-001	
1.78145324e+001	6.95515721e-001	
1.78779293e+001	6.95731031e-001	
1.79413262e+001	6.95954237e-001	
1.80047231e+001	6.95934778e-001	
1.80681200e+001	6.95865721e-001	
1.81315169e+001	6.95958830e-001	
1.81949138e+001	6.96099398e-001	
1.82583108e+001	6.96262021e-001	
1.83217077e+001	6.96434467e-001	
1.83851046e+001	6.96514854e-001	
1.84485015e+001	6.96536314e-001	
1.85118984e+001	6.96610403e-001	
1.85752953e+001	6.96699701e-001	
1.86386922e+001	6.96788999e-001	
1.87020891e+001	6.96878297e-001	
1.87654860e+001	6.96980835e-001	
1.88288830e+001	6.97106516e-001	
1.88922799e+001	6.97232198e-001	
1.89556768e+001	6.97357879e-001	
1.90190737e+001	6.97481155e-001	
1.90824706e+001	6.97553706e-001	
1.91458675e+001	6.97626258e-001	
1.92092644e+001	6.97698810e-001	
1.92726613e+001	6.97774197e-001	
1.93360583e+001	6.97925055e-001	
1.93994552e+001	6.98075914e-001	
1.94628521e+001	6.97973192e-001	
1.95262490e+001	6.97858290e-001	
1.95896459e+001	6.98020954e-001	
1.96530428e+001	6.98195539e-001	
1.97164397e+001	6.98489201e-001	
1.97798366e+001	6.98814465e-001	
1.98432336e+001	6.98904307e-001	
1.99066305e+001	6.98897208e-001	
1.99700274e+001	6.98799562e-001	
2.00334243e+001	6.98647908e-001	
2.00968212e+001	6.98695356e-001	
2.01602181e+001	6.98860165e-001	
2.02236150e+001	6.99131027e-001	
2.02870119e+001	6.99525144e-001	
2.03504089e+001	6.99727564e-001	
2.04138058e+001	6.99617946e-001	
2.04772027e+001	6.99576515e-001	
2.05405996e+001	6.99695247e-001	
2.06039965e+001	6.99820426e-001	
2.06673934e+001	6.99884623e-001	
2.07307903e+001	6.99959851e-001	
2.07941872e+001	7.00105906e-001	
2.08575842e+001	7.00255983e-001	
2.09209811e+001	7.00478319e-001	
2.09843780e+001	7.00700655e-001	
2.10477749e+001	7.00393140e-001	
2.11111718e+001	7.00069715e-001	
2.11745687e+001	6.99676931e-001	
2.12379656e+001	6.99141783e-001	
2.13013625e+001	6.98606635e-001	
2.13647595e+001	6.98071488e-001	
2.14281564e+001	6.95081384e-001	
2.14915533e+001	6.91160177e-001	
2.15549502e+001	6.79855822e-001	
2.16183471e+001	6.64453476e-001	
2.16817440e+001	6.35784487e-001	
2.17451409e+001	5.93528138e-001	
2.18085378e+001	5.46451724e-001	
2.18719348e+001	4.94135712e-001	
2.19353317e+001	4.51369525e-001	
2.19987286e+001	4.23094903e-001	
2.20621255e+001	3.94820282e-001	
2.21255224e+001	3.66545661e-001	
2.21889193e+001	3.39391921e-001	
2.22523162e+001	3.08304560e-001	
2.23157131e+001	2.79440262e-001	
2.23791101e+001	2.63037275e-001	
2.24425070e+001	2.46948998e-001	
2.25059039e+001	2.35077878e-001	
2.25693008e+001	2.23206759e-001	
2.26326977e+001	2.13116381e-001	
2.26960946e+001	2.03048567e-001	
2.27594915e+001	1.95657922e-001	
2.28228884e+001	1.87761707e-001	
2.28862853e+001	1.80158089e-001	
2.29496823e+001	1.72617154e-001	
2.30130792e+001	1.66219387e-001	
2.30764761e+001	1.60219797e-001	
2.31398730e+001	1.55595044e-001	
2.32032699e+001	1.51679427e-001	
2.32666668e+001	1.48008749e-001	
2.33300637e+001	1.43996537e-001	
2.33934606e+001	1.40623967e-001	
2.34568576e+001	1.37901791e-001	
2.35202545e+001	1.35364237e-001	
2.35836514e+001	1.33088127e-001	
2.36470483e+001	1.31058968e-001	
2.37104452e+001	1.29526802e-001	
2.37738421e+001	1.28270548e-001	
2.38372390e+001	1.27389340e-001	
2.39006359e+001	1.26546111e-001	
2.39640329e+001	1.25890903e-001	
2.40274298e+001	1.25286361e-001	
2.40908267e+001	1.25219500e-001	
2.41542236e+001	1.25157142e-001	
2.42176205e+001	1.26171804e-001	
2.42810174e+001	1.27186465e-001	
2.43444143e+001	1.28375241e-001	
2.44078112e+001	1.29637415e-001	
2.44712082e+001	1.31184428e-001	
2.45346051e+001	1.32785573e-001	
2.45980020e+001	1.35545415e-001	
2.46613989e+001	1.38674512e-001	
2.47247958e+001	1.42348916e-001	
2.47881927e+001	1.46284216e-001	
2.48515896e+001	1.50843129e-001	
2.49149865e+001	1.56359552e-001	
2.49783835e+001	1.62436153e-001	
2.50417804e+001	1.69045575e-001	
2.51051773e+001	1.77006983e-001	
2.51685742e+001	1.86756498e-001	
2.52319711e+001	1.97819109e-001	
2.52953680e+001	2.11335307e-001	
2.53587649e+001	2.24322337e-001	
2.54221618e+001	2.39328483e-001	
2.54855588e+001	2.55406059e-001	
2.55489557e+001	2.76212518e-001	
2.56123526e+001	2.97967886e-001	
2.56757495e+001	3.28006996e-001	
2.57391464e+001	3.57970874e-001	
2.58025433e+001	3.84407677e-001	
2.58659402e+001	4.10844481e-001	
2.59293371e+001	4.21066137e-001	
2.59927341e+001	4.31402102e-001	
2.60561310e+001	4.35603213e-001	
2.61195279e+001	4.38780147e-001	
2.61829248e+001	4.40241289e-001	
2.62463217e+001	4.41204245e-001	
2.63097186e+001	4.41580567e-001	
2.63731155e+001	4.41697045e-001	
2.64365124e+001	4.41759594e-001	
2.64999094e+001	4.41859828e-001	
2.65633063e+001	4.42042630e-001	
2.66267032e+001	4.42298889e-001	
2.66901001e+001	4.42558477e-001	
2.67534970e+001	4.42822164e-001	
2.68168939e+001	4.43015264e-001	
2.68802908e+001	4.43085709e-001	
2.69436877e+001	4.43167610e-001	
2.70070847e+001	4.43263242e-001	
2.70704816e+001	4.43397112e-001	
2.71338785e+001	4.43682619e-001	
2.71972754e+001	4.43955143e-001	
2.72606723e+001	4.44131933e-001	
2.73240692e+001	4.44306998e-001	
2.73874661e+001	4.44437788e-001	
2.74508630e+001	4.44568578e-001	
2.75142599e+001	4.44720067e-001	
2.75776569e+001	4.44865192e-001	
2.76410538e+001	4.44937330e-001	
2.77044507e+001	4.44998905e-001	
2.77678476e+001	4.45282329e-001	
2.78312445e+001	4.45624133e-001	
2.78946414e+001	4.45887190e-001	
2.79580383e+001	4.46118041e-001	
2.80214352e+001	4.46220285e-001	
2.80848322e+001	4.46243641e-001	
2.81482291e+001	4.46365039e-001	
2.82116260e+001	4.46568015e-001	
2.82750229e+001	4.46762311e-001	
2.83384198e+001	4.46946573e-001	
2.84018167e+001	4.47156887e-001	
2.84652136e+001	4.47409354e-001	
2.85286105e+001	4.47592212e-001	
2.85920075e+001	4.47601600e-001	
2.86554044e+001	4.47649222e-001	
2.87188013e+001	4.47833952e-001	
2.87821982e+001	4.48016747e-001	
2.88455951e+001	4.48187250e-001	
2.89089920e+001	4.48361740e-001	
2.89723889e+001	4.48605845e-001	
2.90357858e+001	4.48849951e-001	
2.90991828e+001	4.48728685e-001	
2.91625797e+001	4.48590256e-001	
2.92259766e+001	4.48890310e-001	
2.92893735e+001	4.49244402e-001	
2.93527704e+001	4.49467893e-001	
2.94161673e+001	4.49660417e-001	
2.94795642e+001	4.49906824e-001	
2.95429611e+001	4.50173526e-001	
2.96063581e+001	4.50120564e-001	
2.96697550e+001	4.49882954e-001	
2.97331519e+001	4.50061248e-001	
2.97965488e+001	4.50563020e-001	
2.98599457e+001	4.50843320e-001	
2.99233426e+001	4.50884226e-001	
2.99867395e+001	4.50972428e-001	
3.00501364e+001	4.51131980e-001	
3.01135334e+001	4.51262791e-001	
3.01769303e+001	4.51304067e-001	
3.02403272e+001	4.51390264e-001	
3.03037241e+001	4.51622920e-001	
3.03671210e+001	4.51839688e-001	
3.04305179e+001	4.51968349e-001	
3.04939148e+001	4.52099171e-001	
3.05573117e+001	4.52258322e-001	
3.06207087e+001	4.52417472e-001	
3.06841056e+001	4.52481450e-001	
3.07475025e+001	4.52535888e-001	
3.08108994e+001	4.52756633e-001	
3.08742963e+001	4.52994442e-001	
3.09376932e+001	4.53093442e-001	
3.10010901e+001	4.53162997e-001	
3.10644870e+001	4.53232553e-001	
3.11278840e+001	4.53302108e-001	
3.11912809e+001	4.53438382e-001	
3.12546778e+001	4.53600201e-001	
3.13180747e+001	4.53820637e-001	
3.13814716e+001	4.54083658e-001	
3.14448685e+001	4.54250876e-001	
3.15082654e+001	4.54321223e-001	
3.15716623e+001	4.54391569e-001	
3.16350593e+001	4.54461915e-001	
3.16984562e+001	4.54557073e-001	
3.17618531e+001	4.54678527e-001	
3.18252500e+001	4.54799980e-001	
3.18886469e+001	4.54921433e-001	
3.19520438e+001	4.55055833e-001	
3.20154407e+001	4.55253631e-001	
3.20788376e+001	4.55440614e-001	
3.21422345e+001	4.55514842e-001	
3.22056315e+001	4.55599862e-001	
3.22690284e+001	4.55711506e-001	
3.23324253e+001	4.55823150e-001	
3.23958222e+001	4.55934794e-001	
3.24592191e+001	4.56046438e-001	
3.25226160e+001	4.56184739e-001	
3.25860129e+001	4.56328048e-001	
3.26494098e+001	4.56304589e-001	
3.27128068e+001	4.56228385e-001	
3.27762037e+001	4.56375179e-001	
3.28396006e+001	4.56621431e-001	
3.29029975e+001	4.56861765e-001	
3.29663944e+001	4.57098088e-001	
3.30297913e+001	4.57236625e-001	
3.30931882e+001	4.57282655e-001	
3.31565851e+001	4.57358220e-001	
3.32199821e+001	4.57472629e-001	
3.32833790e+001	4.57604914e-001	
3.33467759e+001	4.57740327e-001	
3.34101728e+001	4.57867832e-001	
3.34735697e+001	4.57973746e-001	
3.35369666e+001	4.58070147e-001	
3.36003635e+001	4.58124944e-001	
3.36637604e+001	4.58186136e-001	
3.37271574e+001	4.58302322e-001	
3.37905543e+001	4.58432490e-001	
3.38539512e+001	4.58550016e-001	
3.39173481e+001	4.58667542e-001	
3.39807450e+001	4.58785069e-001	
3.40441419e+001	4.58902595e-001	
3.41075388e+001	4.59025930e-001	
3.41709357e+001	4.59150219e-001	
3.42343327e+001	4.59230712e-001	
3.42977296e+001	4.59298593e-001	
3.43611265e+001	4.59407078e-001	
3.44245234e+001	4.59516185e-001	
3.44879203e+001	4.59625291e-001	
3.45513172e+001	4.59734398e-001	
3.46147141e+001	4.59839612e-001	
3.46781110e+001	4.59941373e-001	
3.47415080e+001	4.60032056e-001	
3.48049049e+001	4.60109122e-001	
3.48683018e+001	4.60206112e-001	
3.49316987e+001	4.60307193e-001	
3.49950956e+001	4.60408274e-001	
3.50584925e+001	4.60509355e-001	
3.51218894e+001	4.60618977e-001	
3.51852863e+001	4.60762142e-001	
3.52486833e+001	4.60874295e-001	
3.53120802e+001	4.60760825e-001	
3.53754771e+001	4.60672049e-001	
3.54388740e+001	4.60852707e-001	
3.55022709e+001	4.61033364e-001	
3.55656678e+001	4.61239196e-001	
3.56290647e+001	4.61446164e-001	
3.56924616e+001	4.61518184e-001	
3.57558586e+001	4.61570920e-001	
3.58192555e+001	4.61592794e-001	
3.58826524e+001	4.61606618e-001	
3.59460493e+001	4.61671242e-001	
3.60094462e+001	4.61741243e-001	
3.60728431e+001	4.61881037e-001	
3.61362400e+001	4.62061966e-001	
3.61996369e+001	4.62108095e-001	
3.62630339e+001	4.62042679e-001	
3.63264308e+001	4.62064275e-001	
3.63898277e+001	4.62185876e-001	
3.64532246e+001	4.62305445e-001	
3.65166215e+001	4.62396685e-001	
3.65800184e+001	4.62555308e-001	
3.66434153e+001	4.62870109e-001	
3.67068122e+001	4.63110459e-001	
3.67702091e+001	4.63086024e-001	
3.68336061e+001	4.63061589e-001	
3.68970030e+001	4.63037153e-001	
3.69603999e+001	4.63088214e-001	
3.70237968e+001	4.63242200e-001	
3.70871937e+001	4.63396185e-001	
3.71505906e+001	4.61677004e-001	
3.72139875e+001	4.59907064e-001	
3.72773844e+001	4.57689034e-001	
3.73407814e+001	4.55416607e-001	
3.74041783e+001	4.46698759e-001	
3.74675752e+001	4.36466372e-001	
3.75309721e+001	4.15138159e-001	
3.75943690e+001	3.88087647e-001	
3.76577659e+001	3.56913576e-001	
3.77211628e+001	3.23478077e-001	
3.77845597e+001	2.95269130e-001	
3.78479567e+001	2.71102082e-001	
3.79113536e+001	2.49057179e-001	
3.79747505e+001	2.29293473e-001	
3.80381474e+001	2.12679008e-001	
3.81015443e+001	1.97819175e-001	
3.81649412e+001	1.83788636e-001	
3.82283381e+001	1.71536245e-001	
3.82917350e+001	1.60067105e-001	
3.83551320e+001	1.51132019e-001	
3.84185289e+001	1.42449944e-001	
3.84819258e+001	1.35156019e-001	
3.85453227e+001	1.28466128e-001	
3.86087196e+001	1.22647577e-001	
3.86721165e+001	1.16829026e-001	
3.87355134e+001	1.11594265e-001	
3.87989103e+001	1.06365246e-001	
3.88623073e+001	1.02750523e-001	
3.89257042e+001	9.92987097e-002	
3.89891011e+001	9.57339194e-002	
3.90524980e+001	9.21454005e-002	
3.91158949e+001	8.92291710e-002	
3.91792918e+001	8.62310200e-002	
3.92426887e+001	8.37872264e-002	
3.93060856e+001	8.16258425e-002	
3.93694826e+001	7.95939759e-002	
3.94328795e+001	7.76556850e-002	
3.94962764e+001	7.59694753e-002	
3.95596733e+001	7.45367574e-002	
3.96230702e+001	7.32905253e-002	
3.96864671e+001	7.20450624e-002	
3.97498640e+001	7.08986755e-002	
3.98132609e+001	6.99492022e-002	
3.98766579e+001	6.90998803e-002	
3.99400548e+001	6.85466121e-002	
4.00034517e+001	6.80329588e-002	
4.00668486e+001	6.77115864e-002	
4.01302455e+001	6.74459371e-002	
4.01936424e+001	6.75411897e-002	
4.02570393e+001	6.76375829e-002	
4.03204362e+001	6.78966842e-002	
4.03838332e+001	6.81557854e-002	
4.04472301e+001	6.88275290e-002	
4.05106270e+001	6.95327277e-002	
4.05740239e+001	7.08485711e-002	
4.06374208e+001	7.22780955e-002	
4.07008177e+001	7.37165363e-002	
4.07642146e+001	7.52912450e-002	
4.08276115e+001	7.75361239e-002	
4.08910085e+001	8.00975782e-002	
4.09544054e+001	8.33393163e-002	
4.10178023e+001	8.70398469e-002	
4.10811992e+001	9.13060562e-002	
4.11445961e+001	9.61043953e-002	
4.12079930e+001	1.01640479e-001	
4.12713899e+001	1.09077605e-001	
4.13347868e+001	1.16692116e-001	
4.13981837e+001	1.24634045e-001	
4.14615807e+001	1.33849921e-001	
4.15249776e+001	1.46519962e-001	
4.15883745e+001	1.58890458e-001	
4.16517714e+001	1.69963120e-001	
4.17151683e+001	1.79850053e-001	
4.17785652e+001	1.84241331e-001	
4.18419621e+001	1.88562356e-001	
4.19053590e+001	1.89976961e-001	
4.19687560e+001	1.91391565e-001	
4.20321529e+001	1.92013802e-001	
4.20955498e+001	1.92586935e-001	
4.21589467e+001	1.92501353e-001	
4.22223436e+001	1.92308295e-001	
4.22857405e+001	1.92433691e-001	
4.23491374e+001	1.92671769e-001	
4.24125343e+001	1.92821363e-001	
4.24759313e+001	1.92932272e-001	
4.25393282e+001	1.93023397e-001	
4.26027251e+001	1.93102076e-001	
4.26661220e+001	1.93179982e-001	
4.27295189e+001	1.93257209e-001	
4.27929158e+001	1.93351427e-001	
4.28563127e+001	1.93456478e-001	
4.29197096e+001	1.93572184e-001	
4.29831066e+001	1.93706179e-001	
4.30465035e+001	1.93810226e-001	
4.31099004e+001	1.93839546e-001	
4.31732973e+001	1.93868866e-001	
4.32366942e+001	1.93898187e-001	
4.33000911e+001	1.93949069e-001	
4.33634880e+001	1.94127782e-001	
4.34268849e+001	1.94304775e-001	
4.34902819e+001	1.94440747e-001	
4.35536788e+001	1.94576720e-001	
4.36170757e+001	1.94661985e-001	
4.36804726e+001	1.94745046e-001	
4.37438695e+001	1.94780738e-001	
4.38072664e+001	1.94809750e-001	
4.38706633e+001	1.94912072e-001	
4.39340602e+001	1.95026534e-001	
4.39974572e+001	1.95149763e-001	
4.40608541e+001	1.95276526e-001	
4.41242510e+001	1.95363861e-001	
4.41876479e+001	1.95428094e-001	
4.42510448e+001	1.95474642e-001	
4.43144417e+001	1.95506643e-001	
4.43778386e+001	1.95578234e-001	
4.44412355e+001	1.95682967e-001	
4.45046325e+001	1.95799111e-001	
4.45680294e+001	1.95933502e-001	
4.46314263e+001	1.96027373e-001	
4.46948232e+001	1.96027935e-001	
4.47582201e+001	1.96048570e-001	
4.48216170e+001	1.96140040e-001	
4.48850139e+001	1.96238334e-001	
4.49484108e+001	1.96345828e-001	
4.50118078e+001	1.96455414e-001	
4.50752047e+001	1.96599614e-001	
4.51386016e+001	1.96743814e-001	
4.52019985e+001	1.96785414e-001	
4.52653954e+001	1.96824382e-001	
4.53287923e+001	1.96881520e-001	
4.53921892e+001	1.96940834e-001	
4.54555861e+001	1.97024519e-001	
4.55189831e+001	1.97103896e-001	
4.55823800e+001	1.97183273e-001	
4.56457769e+001	1.97262650e-001	
4.57091738e+001	1.97345677e-001	
4.57725707e+001	1.97430694e-001	
4.58359676e+001	1.97511374e-001	
4.58993645e+001	1.97588719e-001	
4.59627614e+001	1.97699076e-001	
4.60261583e+001	1.97833095e-001	
4.60895553e+001	1.97903588e-001	
4.61529522e+001	1.97879340e-001	
4.62163491e+001	1.97885614e-001	
4.62797460e+001	1.97956915e-001	
4.63431429e+001	1.98028215e-001	
4.64065398e+001	1.98099516e-001	
4.64699367e+001	1.98183127e-001	
4.65333336e+001	1.98304165e-001	
4.65967306e+001	1.98423630e-001	
4.66601275e+001	1.98523275e-001	
4.67235244e+001	1.98622920e-001	
4.67869213e+001	1.98661433e-001	
4.68503182e+001	1.98699432e-001	
4.69137151e+001	1.98737430e-001	
4.69771120e+001	1.98775429e-001	
4.70405089e+001	1.98862711e-001	
4.71039059e+001	1.98955373e-001	
4.71673028e+001	1.99048035e-001	
4.72306997e+001	1.99140697e-001	
4.72940966e+001	1.99216017e-001	
4.73574935e+001	1.99282557e-001	
4.74208904e+001	1.99349096e-001	
4.74842873e+001	1.99415636e-001	
4.75476842e+001	1.99489989e-001	
4.76110812e+001	1.99561955e-001	
4.76744781e+001	1.99633921e-001	
4.77378750e+001	1.99705886e-001	
4.78012719e+001	1.99770630e-001	
4.78646688e+001	1.99821107e-001	
4.79280657e+001	1.99871584e-001	
4.79914626e+001	1.99922061e-001	
4.80548595e+001	1.99985103e-001	
4.81182565e+001	2.00076698e-001	
4.81816534e+001	2.00168292e-001	
4.82450503e+001	2.00259886e-001	
4.83084472e+001	2.00351166e-001	
4.83718441e+001	2.00405215e-001	
4.84352410e+001	2.00459264e-001	
4.84986379e+001	2.00502165e-001	
4.85620348e+001	2.00544182e-001	
4.86254318e+001	2.00603657e-001	
4.86888287e+001	2.00659134e-001	
4.87522256e+001	2.00714611e-001	
4.88156225e+001	2.00770088e-001	
4.88790194e+001	2.00860811e-001	
4.89424163e+001	2.00968075e-001	
4.90058132e+001	2.01013890e-001	
4.90692101e+001	2.01018504e-001	
4.91326071e+001	2.01082012e-001	
4.91960040e+001	2.01186033e-001	
4.92594009e+001	2.01290053e-001	
4.93227978e+001	2.01394073e-001	
4.93861947e+001	2.01479340e-001	
4.94495916e+001	2.01530203e-001	
4.95129885e+001	2.01576921e-001	
4.95763854e+001	2.01612486e-001	
4.96397824e+001	2.01664967e-001	
4.97031793e+001	2.01760268e-001	
4.97665762e+001	2.01853155e-001	
4.98299731e+001	2.01925861e-001	
4.98933700e+001	2.01997829e-001	
4.99567669e+001	2.02041075e-001	
5.00201638e+001	2.02084320e-001	
5.00835607e+001	2.02147304e-001	
5.01469577e+001	2.02211479e-001	
5.02103546e+001	2.02280961e-001	
5.02737515e+001	2.02342281e-001	
5.03371484e+001	2.02403600e-001	
5.04005453e+001	2.02464920e-001	
5.04639422e+001	2.02507946e-001	
5.05273391e+001	2.02543028e-001	
5.05907360e+001	2.02559994e-001	
5.06541329e+001	2.02565635e-001	
5.07175299e+001	2.02625658e-001	
5.07809268e+001	2.02720181e-001	
5.08443237e+001	2.02814704e-001	
5.09077206e+001	2.02909226e-001	
5.09711175e+001	2.02990996e-001	
5.10345144e+001	2.03051002e-001	
5.10979113e+001	2.03085228e-001	
5.11613082e+001	2.03055567e-001	
5.12247052e+001	2.03067149e-001	
5.12881021e+001	2.03197828e-001	
5.13514990e+001	2.03323454e-001	
5.14148959e+001	2.03413247e-001	
5.14782928e+001	2.03499653e-001	
5.15416897e+001	2.03508172e-001	
5.16050866e+001	2.03516690e-001	
5.16684835e+001	2.03562392e-001	
5.17318805e+001	2.03609656e-001	
5.17952774e+001	2.03694664e-001	
5.18586743e+001	2.03776737e-001	
5.19220712e+001	2.03841949e-001	
5.19854681e+001	2.03902832e-001	
5.20488650e+001	2.03895719e-001	
5.21122619e+001	2.03861353e-001	
5.21756588e+001	2.03956748e-001	
5.22390558e+001	2.04127723e-001	
5.23024527e+001	2.04235492e-001	
5.23658496e+001	2.04274393e-001	
5.24292465e+001	2.04313294e-001	
5.24926434e+001	2.04352196e-001	
5.25560403e+001	2.04376005e-001	
5.26194372e+001	2.04375821e-001	
5.26828341e+001	2.04383605e-001	
5.27462311e+001	2.04409636e-001	
5.28096280e+001	2.04493436e-001	
5.28730249e+001	2.04639029e-001	
5.29364218e+001	2.04636652e-001	
5.29998187e+001	2.03727479e-001	
5.30632156e+001	2.02825100e-001	
5.31266125e+001	2.02032819e-001	
5.31900094e+001	2.01240539e-001	
5.32534064e+001	1.95343836e-001	
5.33168033e+001	1.89323721e-001	
5.33802002e+001	1.78378539e-001	
5.34435971e+001	1.66196830e-001	
5.35069940e+001	1.54015121e-001	
5.35703909e+001	1.41833412e-001	
5.36337878e+001	1.28657053e-001	
5.36971847e+001	1.15113777e-001	
5.37605817e+001	1.04339343e-001	
5.38239786e+001	9.50649055e-002	
5.38873755e+001	8.78726531e-002	
5.39507724e+001	8.12935021e-002	
5.40141693e+001	7.53850766e-002	
5.40775662e+001	7.01896700e-002	
5.41409631e+001	6.52138164e-002	
5.42043600e+001	6.05635289e-002	
5.42677570e+001	5.61783760e-002	
5.43311539e+001	5.23544853e-002	
5.43945508e+001	4.89814387e-002	
5.44579477e+001	4.59721200e-002	
5.45213446e+001	4.29954657e-002	
5.45847415e+001	4.01942920e-002	
5.46481384e+001	3.74277267e-002	
5.47115353e+001	3.50879870e-002	
5.47749323e+001	3.27482472e-002	
5.48383292e+001	3.09167782e-002	
5.49017261e+001	2.90888650e-002	
5.49651230e+001	2.73891227e-002	
5.50285199e+001	2.55453756e-002	
5.50919168e+001	2.37604061e-002	
5.51553137e+001	2.19875459e-002	
5.52187106e+001	2.04345635e-002	
5.52821075e+001	1.89559628e-002	
5.53455045e+001	1.75037488e-002	
5.54089014e+001	1.60648115e-002	
5.54722983e+001	1.47866763e-002	
5.55356952e+001	1.34400171e-002	
5.55990921e+001	1.21148100e-002	
5.56624890e+001	1.08109374e-002	
5.57258859e+001	9.54092522e-003	
5.57892828e+001	8.31778018e-003	
5.58526798e+001	7.03682380e-003	
5.59160767e+001	5.64238894e-003	
5.59794736e+001	4.37113583e-003	
5.60428705e+001	3.05681749e-003	
5.61062674e+001	1.73382690e-003	
5.61696643e+001	3.69561516e-004	
5.62330612e+001	-9.91676942e-004	
5.62964581e+001	-2.32291069e-003	
5.63598551e+001	-3.65815072e-003	
5.64232520e+001	-5.40125133e-003	
5.64866489e+001	-7.14435194e-003	
5.65500458e+001	-8.85938061e-003	
5.66134427e+001	-1.07148520e-002	
5.66768396e+001	-1.25201990e-002	
5.67402365e+001	-1.43164083e-002	
5.68036334e+001	-1.67257869e-002	
5.68670304e+001	-1.93246850e-002	
5.69304273e+001	-2.20393473e-002	
5.69938242e+001	-2.48080039e-002	
5.70572211e+001	-2.79429169e-002	
5.71206180e+001	-3.17051628e-002	
5.71840149e+001	-3.56188101e-002	
5.72474118e+001	-3.96733114e-002	
5.73108087e+001	-4.43037873e-002	
5.73742057e+001	-4.96790009e-002	
5.74376026e+001	-5.47832272e-002	
5.75009995e+001	-5.93933577e-002	
5.75643964e+001	-6.30498549e-002	
5.76277933e+001	-6.49618332e-002	
5.76911902e+001	-6.65646763e-002	
5.77545871e+001	-6.68519682e-002	
5.78179840e+001	-6.71063427e-002	
5.78813810e+001	-6.70896780e-002	
5.79447779e+001	-6.70717704e-002	
5.80081748e+001	-6.70078341e-002	
5.80715717e+001	-6.69438979e-002	
5.81349686e+001	-6.69021964e-002	
5.81983655e+001	-6.68743025e-002	
5.82617624e+001	-6.68243176e-002	
5.83251593e+001	-6.67708100e-002	
5.83885563e+001	-6.67041325e-002	
5.84519532e+001	-6.66337520e-002	
5.85153501e+001	-6.65618350e-002	
5.85787470e+001	-6.64892558e-002	
5.86421439e+001	-6.64249020e-002	
5.87055408e+001	-6.63738095e-002	
5.87689377e+001	-6.63227169e-002	
5.88323346e+001	-6.62716243e-002	
5.88957316e+001	-6.62173952e-002	
5.89591285e+001	-6.61593763e-002	
5.90225254e+001	-6.61116943e-002	
5.90859223e+001	-6.60815507e-002	
5.91493192e+001	-6.60340297e-002	
5.92127161e+001	-6.59620897e-002	
5.92761130e+001	-6.58949673e-002	
5.93395099e+001	-6.58463044e-002	
5.94029068e+001	-6.57945567e-002	
5.94663038e+001	-6.57212188e-002	
5.95297007e+001	-6.56480159e-002	
5.95930976e+001	-6.55777986e-002	
5.96564945e+001	-6.55075814e-002	
5.97198914e+001	-6.54554359e-002	
5.97832883e+001	-6.54085916e-002	
5.98466852e+001	-6.53617472e-002	
5.99100821e+001	-6.53149029e-002	
5.99734791e+001	-6.52549804e-002	
6.00368760e+001	-6.51917322e-002	
6.01002729e+001	-6.51301520e-002	
6.01636698e+001	-6.50692358e-002	
6.02270667e+001	-6.50132476e-002	
6.02904636e+001	-6.49664749e-002	
6.03538605e+001	-6.49177174e-002	
6.04172574e+001	-6.48673452e-002	
6.04806544e+001	-6.48095787e-002	
6.05440513e+001	-6.47434566e-002	
6.06074482e+001	-6.46778866e-002	
6.06708451e+001	-6.46131887e-002	
6.07342420e+001	-6.45500669e-002	
6.07976389e+001	-6.45032917e-002	
6.08610358e+001	-6.44557975e-002	
6.09244327e+001	-6.44058070e-002	
6.09878297e+001	-6.43532932e-002	
6.10512266e+001	-6.42854958e-002	
6.11146235e+001	-6.42178755e-002	
6.11780204e+001	-6.41530411e-002	
6.12414173e+001	-6.40882066e-002	
6.13048142e+001	-6.40403964e-002	
6.13682111e+001	-6.39968323e-002	
6.14316080e+001	-6.39334531e-002	
6.14950050e+001	-6.38677696e-002	
6.15584019e+001	-6.38142458e-002	
6.16217988e+001	-6.37635040e-002	
6.16851957e+001	-6.37127622e-002	
6.17485926e+001	-6.36620204e-002	
6.18119895e+001	-6.35979472e-002	
6.18753864e+001	-6.35327434e-002	
6.19387833e+001	-6.34675395e-002	
6.20021803e+001	-6.34023356e-002	
6.20655772e+001	-6.33428081e-002	
6.21289741e+001	-6.32892828e-002	
6.21923710e+001	-6.32357575e-002	
6.22557679e+001	-6.31822322e-002	
6.23191648e+001	-6.31211864e-002	
6.23825617e+001	-6.30579903e-002	
6.24459586e+001	-6.29940166e-002	
6.25093556e+001	-6.29275842e-002	
6.25727525e+001	-6.28644936e-002	
6.26361494e+001	-6.28191697e-002	
6.26995463e+001	-6.27738458e-002	
6.27629432e+001	-6.27285219e-002	
6.28263401e+001	-6.26831980e-002	
6.28897370e+001	-6.26093070e-002	
6.29531339e+001	-6.25401158e-002	
6.30165309e+001	-6.24715194e-002	
6.30799278e+001	-6.24029801e-002	
6.31433247e+001	-6.23523241e-002	
6.32067216e+001	-6.23053170e-002	
6.32701185e+001	-6.22583099e-002	
6.33335154e+001	-6.22113027e-002	
6.33969123e+001	-6.21506510e-002	
6.34603092e+001	-6.20889899e-002	
6.35237062e+001	-6.20273287e-002	
6.35871031e+001	-6.19656675e-002	
6.36505000e+001	-6.19050587e-002	
6.37138969e+001	-6.18454921e-002	
6.37772938e+001	-6.17859256e-002	
6.38406907e+001	-6.17263591e-002	
6.39040876e+001	-6.16625458e-002	
6.39674845e+001	-6.16038241e-002	
6.40308814e+001	-6.15444249e-002	
6.40942784e+001	-6.14830670e-002	
6.41576753e+001	-6.14216686e-002	
6.42210722e+001	-6.13600798e-002	
6.42844691e+001	-6.13004815e-002	
6.43478660e+001	-6.12602803e-002	
6.44112629e+001	-6.12162186e-002	
6.44746598e+001	-6.11514823e-002	
6.45380567e+001	-6.10867460e-002	
6.46014537e+001	-6.10208046e-002	
6.46648506e+001	-6.09547717e-002	
6.47282475e+001	-6.08897780e-002	
6.47916444e+001	-6.08249718e-002	
6.48550413e+001	-6.07797537e-002	
6.49184382e+001	-6.07405433e-002	
6.49818351e+001	-6.06789902e-002	
6.50452320e+001	-6.06122674e-002	
6.51086290e+001	-6.05463579e-002	
6.51720259e+001	-6.04809879e-002	
6.52354228e+001	-6.04147508e-002	
6.52988197e+001	-6.03477116e-002	
6.53622166e+001	-6.02934597e-002	
6.54256135e+001	-6.02556482e-002	
6.54890104e+001	-6.02032980e-002	
6.55524073e+001	-6.01344511e-002	
6.56158043e+001	-6.00666895e-002	
6.56792012e+001	-6.00018103e-002	
6.57425981e+001	-5.99361139e-002	
6.58059950e+001	-5.98669711e-002	
6.58693919e+001	-5.98013947e-002	
6.59327888e+001	-5.97647546e-002	
6.59961857e+001	-5.97237113e-002	
6.60595826e+001	-5.96524684e-002	
6.61229796e+001	-5.95812255e-002	
6.61863765e+001	-5.95133631e-002	
6.62497734e+001	-5.94456944e-002	
6.63131703e+001	-5.93827468e-002	
6.63765672e+001	-5.93205431e-002	
6.64399641e+001	-5.92537601e-002	
6.65033610e+001	-5.91857004e-002	
6.65667579e+001	-5.91264726e-002	
6.66301549e+001	-5.90766947e-002	
6.66935518e+001	-5.90269167e-002	
6.67569487e+001	-5.89771388e-002	
6.68203456e+001	-5.89092401e-002	
6.68837425e+001	-5.88256614e-002	
6.69471394e+001	-5.87527521e-002	
6.70105363e+001	-5.86926664e-002	
6.70739332e+001	-5.86313752e-002	
6.71373302e+001	-5.85792677e-002	
6.72007271e+001	-5.85227322e-002	
6.72641240e+001	-5.84553709e-002	
6.73275209e+001	-5.83874028e-002	
6.73909178e+001	-5.83171302e-002	
6.74543147e+001	-5.82478789e-002	
6.75177116e+001	-5.81856887e-002	
6.75811085e+001	-5.81200075e-002	
6.76445055e+001	-5.80693634e-002	
6.77079024e+001	-5.80187194e-002	
6.77712993e+001	-5.79501346e-002	
6.78346962e+001	-5.78808507e-002	
6.78980931e+001	-5.78012353e-002	
6.79614900e+001	-5.77202192e-002	
6.80248869e+001	-5.76575565e-002	
6.80882838e+001	-5.75995221e-002	
6.81516808e+001	-5.75427210e-002	
6.82150777e+001	-5.74916750e-002	
6.82784746e+001	-5.74293041e-002	
6.83418715e+001	-5.73604160e-002	
6.84052684e+001	-5.72835540e-002	
6.84686653e+001	-5.72002423e-002	
6.85320622e+001	-5.71296315e-002	
6.85954591e+001	-5.70732962e-002	
6.86588560e+001	-5.70185618e-002	
6.87222530e+001	-5.69635877e-002	
6.87856499e+001	-5.68873707e-002	
6.88490468e+001	-5.67631975e-002	
6.89124437e+001	-5.65932033e-002	
6.89758406e+001	-5.62654050e-002	
6.90392375e+001	-5.57882623e-002	
6.91026344e+001	-5.44165192e-002	
6.91660313e+001	-5.30540049e-002	
6.92294283e+001	-4.98971180e-002	
6.92928252e+001	-4.67402311e-002	
6.93562221e+001	-4.40063012e-002	
6.94196190e+001	-4.12813586e-002	
6.94830159e+001	-3.90593339e-002	
6.95464128e+001	-3.68949138e-002	
6.96098097e+001	-3.53023798e-002	
6.96732066e+001	-3.38394193e-002	
6.97366036e+001	-3.29297145e-002	
6.98000005e+001	-3.21293247e-002	
6.98633974e+001	-3.16284923e-002	
6.99267943e+001	-3.12879804e-002	
6.99901912e+001	-3.10098303e-002	
7.00535881e+001	-3.07788347e-002	
7.01169850e+001	-3.07096279e-002	
7.01803819e+001	-3.08105084e-002	
7.02437789e+001	-3.09673403e-002	
7.03071758e+001	-3.12526231e-002	
7.03705727e+001	-3.15933088e-002	
7.04339696e+001	-3.20497964e-002	
7.04973665e+001	-3.25139706e-002	
7.05607634e+001	-3.30022673e-002	
7.06241603e+001	-3.35296318e-002	
7.06875572e+001	-3.42625263e-002	
7.07509542e+001	-3.49435040e-002	
7.08143511e+001	-3.58039700e-002	
7.08777480e+001	-3.66644360e-002	
7.09411449e+001	-3.76931770e-002	
7.10045418e+001	-3.87226226e-002	
7.10679387e+001	-3.97415205e-002	
7.11313356e+001	-4.07594244e-002	
7.11947325e+001	-4.20472215e-002	
7.12581295e+001	-4.33895371e-002	
7.13215264e+001	-4.47583497e-002	
7.13849233e+001	-4.62778488e-002	
7.14483202e+001	-4.79933567e-002	
7.15117171e+001	-4.98062586e-002	
7.15751140e+001	-5.16061479e-002	
7.16385109e+001	-5.33968473e-002	
7.17019078e+001	-5.54722967e-002	
7.17653048e+001	-5.78277856e-002	
7.18287017e+001	-6.01416867e-002	
7.18920986e+001	-6.28354849e-002	
7.19554955e+001	-6.57633492e-002	
7.20188924e+001	-6.91450152e-002	
7.20822893e+001	-7.25233315e-002	
7.21456862e+001	-7.58920247e-002	
7.22090831e+001	-7.94699700e-002	
7.22724801e+001	-8.40249421e-002	
7.23358770e+001	-8.83138392e-002	
7.23992739e+001	-9.39226250e-002	
7.24626708e+001	-9.95540010e-002	
7.25260677e+001	-1.06969809e-001	
7.25894646e+001	-1.14385618e-001	
7.26528615e+001	-1.21688026e-001	
7.27162584e+001	-1.28981969e-001	
7.27796554e+001	-1.39347348e-001	
7.28430523e+001	-1.50260637e-001	
7.29064492e+001	-1.63321965e-001	
7.29698461e+001	-1.78178773e-001	
7.30332430e+001	-1.94397347e-001	
7.30966399e+001	-2.11242954e-001	
7.31600368e+001	-2.32514069e-001	
7.32234337e+001	-2.56701624e-001	
7.32868306e+001	-2.76253429e-001	
7.33502276e+001	-2.91540433e-001	
7.34136245e+001	-3.05423595e-001	
7.34770214e+001	-3.19534840e-001	
7.35404183e+001	-3.29283427e-001	
7.36038152e+001	-3.31172372e-001	
7.36672121e+001	-3.32418515e-001	
7.37306090e+001	-3.31970039e-001	
7.37940059e+001	-3.31669503e-001	
7.38574029e+001	-3.31987060e-001	
7.39207998e+001	-3.32218170e-001	
7.39841967e+001	-3.32155588e-001	
7.40475936e+001	-3.32093007e-001	
7.41109905e+001	-3.32030426e-001	
7.41743874e+001	-3.31967845e-001	
7.42377843e+001	-3.31971788e-001	
7.43011812e+001	-3.31979435e-001	
7.43645782e+001	-3.31948820e-001	
7.44279751e+001	-3.31912247e-001	
7.44913720e+001	-3.31867498e-001	
7.45547689e+001	-3.31829320e-001	
7.46181658e+001	-3.31784763e-001	
7.46815627e+001	-3.31737493e-001	
7.47449596e+001	-3.31688592e-001	
7.48083565e+001	-3.31638691e-001	
7.48717535e+001	-3.31576690e-001	
7.49351504e+001	-3.31504280e-001	
7.49985473e+001	-3.31489019e-001	
7.50619442e+001	-3.31556662e-001	
7.51253411e+001	-3.31604074e-001	
7.51887380e+001	-3.31617573e-001	
7.52521349e+001	-3.31581033e-001	
7.53155318e+001	-3.31422974e-001	
7.53789288e+001	-3.31296287e-001	
7.54423257e+001	-3.31287811e-001	
7.55057226e+001	-3.31260850e-001	
7.55691195e+001	-3.31146663e-001	
7.56325164e+001	-3.31039154e-001	
7.56959133e+001	-3.31070685e-001	
7.57593102e+001	-3.31102217e-001	
7.58227071e+001	-3.31082256e-001	
7.58861041e+001	-3.31060367e-001	
7.59495010e+001	-3.31028423e-001	
7.60128979e+001	-3.30995135e-001	
7.60762948e+001	-3.30935456e-001	
7.61396917e+001	-3.30875761e-001	
7.62030886e+001	-3.30832587e-001	
7.62664855e+001	-3.30795899e-001	
7.63298824e+001	-3.30752152e-001	
7.63932794e+001	-3.30704371e-001	
7.64566763e+001	-3.30656590e-001	
7.65200732e+001	-3.30608810e-001	
7.65834701e+001	-3.30561677e-001	
7.66468670e+001	-3.30527577e-001	
7.67102639e+001	-3.30523829e-001	
7.67736608e+001	-3.30567503e-001	
7.68370577e+001	-3.30519301e-001	
7.69004547e+001	-3.30265004e-001	
7.69638516e+001	-3.30102248e-001	
7.70272485e+001	-3.30252303e-001	
7.70906454e+001	-3.30349541e-001	
7.71540423e+001	-3.30156445e-001	
7.72174392e+001	-3.29983151e-001	
7.72808361e+001	-3.30106919e-001	
7.73442330e+001	-3.30230687e-001	
7.74076300e+001	-3.30081282e-001	
7.74710269e+001	-3.29926465e-001	
7.75344238e+001	-3.29879253e-001	
7.75978207e+001	-3.29844181e-001	
7.76612176e+001	-3.29834015e-001	
7.77246145e+001	-3.29830392e-001	
7.77880114e+001	-3.29781742e-001	
7.78514083e+001	-3.29716837e-001	
7.79148052e+001	-3.29645728e-001	
7.79782022e+001	-3.29571324e-001	
7.80415991e+001	-3.29521119e-001	
7.81049960e+001	-3.29489105e-001	
7.81683929e+001	-3.29470964e-001	
7.82317898e+001	-3.29469999e-001	
7.82951867e+001	-3.29441681e-001	
7.83585836e+001	-3.29373503e-001	
7.84219805e+001	-3.29302083e-001	
7.84853775e+001	-3.29223938e-001	
7.85487744e+001	-3.29157225e-001	
7.86121713e+001	-3.29126108e-001	
7.86755682e+001	-3.29086539e-001	
7.87389651e+001	-3.29012774e-001	
7.88023620e+001	-3.28944809e-001	
7.88657589e+001	-3.28944327e-001	
7.89291558e+001	-3.28943844e-001	
7.89925528e+001	-3.28847578e-001	
7.90559497e+001	-3.28751050e-001	
7.91193466e+001	-3.28737767e-001	
7.91827435e+001	-3.28732183e-001	
7.92461404e+001	-3.28722528e-001	
7.93095373e+001	-3.28715607e-001	
7.93729342e+001	-3.28649842e-001	
7.94363311e+001	-3.28564611e-001	
7.94997281e+001	-3.28516754e-001	
7.95631250e+001	-3.28487353e-001	
7.96265219e+001	-3.28460173e-001	
7.96899188e+001	-3.28434547e-001	
7.97533157e+001	-3.28414912e-001	
7.98167126e+001	-3.28405854e-001	
7.98801095e+001	-3.28344830e-001	
7.99435064e+001	-3.28213102e-001	
8.00069034e+001	-3.28120670e-001	
8.00703003e+001	-3.28103955e-001	
8.01336972e+001	-3.28088640e-001	
8.01970941e+001	-3.28077304e-001	
8.02604910e+001	-3.28062804e-001	
8.03238879e+001	-3.28046488e-001	
8.03872848e+001	-3.28020131e-001	
8.04506817e+001	-3.27899073e-001	
8.05140787e+001	-3.27779340e-001	
8.05774756e+001	-3.27753802e-001	
8.06408725e+001	-3.27728264e-001	
8.07042694e+001	-3.27733438e-001	
8.07676663e+001	-3.27740853e-001	
8.08310632e+001	-3.27696066e-001	
8.08944601e+001	-3.27643495e-001	
8.09578570e+001	-3.27560082e-001	
8.10212540e+001	-3.27467360e-001	
8.10846509e+001	-3.27406996e-001	
8.11480478e+001	-3.27361436e-001	
8.12114447e+001	-3.27345955e-001	
8.12748416e+001	-3.27350176e-001	
8.13382385e+001	-3.27357074e-001	
8.14016354e+001	-3.27372072e-001	
8.14650323e+001	-3.27336624e-001	
8.15284293e+001	-3.27237053e-001	
8.15918262e+001	-3.27139998e-001	
8.16552231e+001	-3.27047451e-001	
8.17186200e+001	-3.26984957e-001	
8.17820169e+001	-3.27001132e-001	
8.18454138e+001	-3.27014535e-001	
8.19088107e+001	-3.27029392e-001	
8.19722076e+001	-3.27031019e-001	
8.20356046e+001	-3.26928307e-001	
8.20990015e+001	-3.26826158e-001	
8.21623984e+001	-3.26741866e-001	
8.22257953e+001	-3.26657574e-001	
8.22891922e+001	-3.26675548e-001	
8.23525891e+001	-3.26699059e-001	
8.24159860e+001	-3.26707514e-001	
8.24793829e+001	-3.26716343e-001	
8.25427798e+001	-3.26633063e-001	
8.26061768e+001	-3.26524518e-001	
8.26695737e+001	-3.26438658e-001	
8.27329706e+001	-3.26362392e-001	
8.27963675e+001	-3.26352409e-001	
8.28597644e+001	-3.26382904e-001	
8.29231613e+001	-3.26395078e-001	
8.29865582e+001	-3.26396259e-001	
8.30499551e+001	-3.26344453e-001	
8.31133521e+001	-3.26229679e-001	
8.31767490e+001	-3.26132838e-001	
8.32401459e+001	-3.26065886e-001	
8.33035428e+001	-3.26029529e-001	
8.33669397e+001	-3.26066963e-001	
8.34303366e+001	-3.26080173e-001	
8.34937335e+001	-3.26063209e-001	
8.35571304e+001	-3.26027100e-001	
8.36205274e+001	-3.25861876e-001	
8.36839243e+001	-3.25691867e-001	
8.37473212e+001	-3.25424928e-001	
8.38107181e+001	-3.25157990e-001	
8.38741150e+001	-3.24299837e-001	
8.39375119e+001	-3.23420366e-001	
8.40009088e+001	-3.19661031e-001	
8.40643057e+001	-3.15842415e-001	
8.41277027e+001	-3.05200591e-001	
8.41910996e+001	-2.92867474e-001	
8.42544965e+001	-2.72603762e-001	
8.43178934e+001	-2.49247929e-001	
8.43812903e+001	-2.26906771e-001	
8.44446872e+001	-2.05142818e-001	
8.45080841e+001	-1.86000380e-001	
8.45714810e+001	-1.71114613e-001	
8.46348780e+001	-1.57645839e-001	
8.46982749e+001	-1.45751960e-001	
8.47616718e+001	-1.34818301e-001	
8.48250687e+001	-1.25375945e-001	
8.48884656e+001	-1.16157143e-001	
8.49518625e+001	-1.07436539e-001	
8.50152594e+001	-9.82402104e-002	
8.50786563e+001	-8.88687313e-002	
8.51420533e+001	-7.97111248e-002	
8.52054502e+001	-7.18059607e-002	
8.52688471e+001	-6.41007789e-002	
8.53322440e+001	-5.93254358e-002	
8.53956409e+001	-5.45500926e-002	
8.54590378e+001	-5.11786882e-002	
8.55224347e+001	-4.78330977e-002	
8.55858316e+001	-4.51157551e-002	
8.56492286e+001	-4.28576781e-002	
8.57126255e+001	-4.09146939e-002	
8.57760224e+001	-3.90417904e-002	
8.58394193e+001	-3.75425755e-002	
8.59028162e+001	-3.61773218e-002	
8.59662131e+001	-3.51402861e-002	
8.60296100e+001	-3.42767679e-002	
8.60930069e+001	-3.30290888e-002	
8.61564039e+001	-3.23316846e-002	
8.62198008e+001	-3.16653294e-002	
8.62831977e+001	-3.10312552e-002	
8.63465946e+001	-3.04818224e-002	
8.64099915e+001	-3.00550314e-002	
8.64733884e+001	-2.96716013e-002	
8.65367853e+001	-2.93776604e-002	
8.66001822e+001	-2.85602232e-002	
8.66635792e+001	-2.83938790e-002	
8.67269761e+001	-2.82234266e-002	
8.67903730e+001	-2.80317987e-002	
8.68537699e+001	-2.78520259e-002	
8.69171668e+001	-2.78075574e-002	
8.69805637e+001	-2.77630890e-002	
8.70439606e+001	-2.77763344e-002	
8.71073575e+001	-2.77896596e-002	
8.71707544e+001	-2.73015898e-002	
8.72341514e+001	-2.74463597e-002	
8.72975483e+001	-2.75261993e-002	
8.73609452e+001	-2.75931811e-002	
8.74243421e+001	-2.78131622e-002	
8.74877390e+001	-2.80833895e-002	
8.75511359e+001	-2.83789677e-002	
8.76145328e+001	-2.86869838e-002	
8.76779297e+001	-2.84048710e-002	
8.77413267e+001	-2.89048943e-002	
8.78047236e+001	-2.93384421e-002	
8.78681205e+001	-2.97073318e-002	
8.79315174e+001	-3.02319411e-002	
8.79949143e+001	-3.09672281e-002	
8.80583112e+001	-3.17317475e-002	
8.81217081e+001	-3.25522429e-002	
8.81851050e+001	-3.26597946e-002	
8.82485020e+001	-3.38854700e-002	
8.83118989e+001	-3.50853214e-002	
8.83752958e+001	-3.61668485e-002	
8.84386927e+001	-3.73396975e-002	
8.85020896e+001	-3.93605412e-002	
8.85654865e+001	-4.13883206e-002	
8.86288834e+001	-4.38632611e-002	
8.86922803e+001	-4.63382017e-002	
8.87556773e+001	-4.89761297e-002	
8.88190742e+001	-5.26798543e-002	
8.88824711e+001	-5.69515391e-002	
8.89458680e+001	-6.13223773e-002	
8.90092649e+001	-6.69010915e-002	
8.90726618e+001	-7.28417681e-002	
8.91360587e+001	-7.77333817e-002	
8.91994556e+001	-8.21481985e-002	
8.92628526e+001	-8.28849398e-002	
8.93262495e+001	-8.23648706e-002	
8.93896464e+001	-8.09166612e-002	
8.94530433e+001	-7.86239914e-002	
8.95164402e+001	-7.62435570e-002	
8.95798371e+001	-7.37521200e-002	
8.96432340e+001	-7.14869348e-002	
8.97066309e+001	-6.96244273e-002	
8.97700279e+001	-6.76674430e-002	
8.98334248e+001	-6.60425356e-002	
8.98968217e+001	-6.44632609e-002	
8.99602186e+001	-6.30713550e-002	
9.00236155e+001	-6.16975786e-002	
9.00870124e+001	-6.04648106e-002	
9.01504093e+001	-5.92390839e-002	
9.02138062e+001	-5.82266504e-002	
9.02772032e+001	-5.72142168e-002	
9.03406001e+001	-5.63745215e-002	
9.04039970e+001	-5.56193454e-002	
9.04673939e+001	-5.48737648e-002	
9.05307908e+001	-5.41296431e-002	
9.05941877e+001	-5.34561810e-002	
9.06575846e+001	-5.28019424e-002	
9.07209815e+001	-5.22186080e-002	
9.07843785e+001	-5.16650598e-002	
9.08477754e+001	-5.11055108e-002	
9.09111723e+001	-5.06054058e-002	
9.09745692e+001	-5.01070785e-002	
9.10379661e+001	-4.96102624e-002	
9.11013630e+001	-4.91783882e-002	
9.11647599e+001	-4.88232627e-002	
9.12281568e+001	-4.84681373e-002	
9.12915538e+001	-4.81130118e-002	
9.13549507e+001	-4.77452249e-002	
9.14183476e+001	-4.74374926e-002	
9.14817445e+001	-4.71297604e-002	
9.15451414e+001	-4.68220281e-002	
9.16085383e+001	-4.65153549e-002	
9.16719352e+001	-4.62157266e-002	
9.17353321e+001	-4.59194741e-002	
9.17987290e+001	-4.56892891e-002	
9.18621260e+001	-4.54591040e-002	
9.19255229e+001	-4.52284696e-002	
9.19889198e+001	-4.50159499e-002	
9.20523167e+001	-4.47766129e-002	
9.21157136e+001	-4.45337814e-002	
9.21791105e+001	-4.43656494e-002	
9.22425074e+001	-4.42158689e-002	
9.23059043e+001	-4.40660883e-002	
9.23693013e+001	-4.39163078e-002	
9.24326982e+001	-4.37425021e-002	
9.24960951e+001	-4.35747511e-002	
9.25594920e+001	-4.34390344e-002	
9.26228889e+001	-4.33288016e-002	
9.26862858e+001	-4.32067982e-002	
9.27496827e+001	-4.30717853e-002	
9.28130796e+001	-4.29499450e-002	
9.28764766e+001	-4.28484442e-002	
9.29398735e+001	-4.27409485e-002	
9.30032704e+001	-4.26448050e-002	
9.30666673e+001	-4.25532762e-002	
9.31300642e+001	-4.24772711e-002	
9.31934611e+001	-4.24015497e-002	
9.32568580e+001	-4.23274694e-002	
9.33202549e+001	-4.22532888e-002	
9.33836519e+001	-4.21776740e-002	
9.34470488e+001	-4.21020591e-002	
9.35104457e+001	-4.20643323e-002	
9.35738426e+001	-4.20310258e-002	
9.36372395e+001	-4.19977193e-002	
9.37006364e+001	-4.19644128e-002	
9.37640333e+001	-4.19292129e-002	
9.38274302e+001	-4.18935957e-002	
9.38908272e+001	-4.18643829e-002	
9.39542241e+001	-4.18374495e-002	
9.40176210e+001	-4.18158006e-002	
9.40810179e+001	-4.17989944e-002	
9.41444148e+001	-4.17943443e-002	
9.42078117e+001	-4.17987300e-002	
9.42712086e+001	-4.18052584e-002	
9.43346055e+001	-4.18140025e-002	
9.43980025e+001	-4.18227466e-002	
9.44613994e+001	-4.18314907e-002	
9.45247963e+001	-4.18473741e-002	
9.45881932e+001	-4.18744659e-002	
9.46515901e+001	-4.19061193e-002	
9.47149870e+001	-4.19517668e-002	
9.47783839e+001	-4.19954130e-002	
9.48417808e+001	-4.20288498e-002	
9.49051778e+001	-4.20622866e-002	
9.49685747e+001	-4.20957234e-002	
9.50319716e+001	-4.21291604e-002	
